500
100000
12415
85347
12814
36627
3560
70360
50034
77453
71172
48866
44284
91761
34801
32829
88851
25581
21262
97867
27649
7053
27950
62787
54932
32226
26704
24686
91815
65869
1921
51072
31402
65574
32547
64370
52083
23409
11897
84810
93487
25754
58517
91186
88210
79240
8413
56223
37608
78402
80821
45993
56815
69056
10298
65003
64022
22040
40220
38947
9654
89503
9129
6680
48525
25273
42166
60235
66480
27482
2357
51665
2636
40064
84744
60269
34366
2742
25315
23580
16836
27743
79702
94974
1424
76276
67117
25142
71548
5798
18080
18582
80029
11253
81711
81076
80607
54991
36709
94250
39509
69920
41617
8144
90483
72274
73999
72945
3295
50241
84329
3117
9616
33796
87041
90240
79483
29245
8919
86319
95248
72019
43613
48277
62669
81321
20367
16850
51828
54633
28228
93221
72590
23969
18285
62826
76068
10146
53695
72077
67522
17407
12585
39299
4899
55019
27898
25438
37499
88308
83240
89663
94402
21982
85780
22975
16668
38385
79038
10513
25045
97915
57152
20573
22650
63334
27369
24070
40861
70052
55918
84298
40606
76260
28006
1255
4088
24828
69806
64685
53243
91397
78434
12272
2175
88767
2874
74087
63254
46835
93231
46954
76864
64414
58050
61255
76275
65724
65696
63082
87790
62091
60162
26491
69742
2923
64365
88761
79688
17050
97082
2997
30145
70031
55923
58706
17920
93044
67676
36611
10006
12514
1715
86207
7561
11100
30208
55293
64949
87515
29603
45239
62668
43673
12399
66853
34956
11035
89695
87023
37012
93378
22600
33973
87532
50665
99453
48497
60045
8614
71669
39804
6374
42282
32115
17474
36126
96561
60149
83238
8250
74964
68920
62643
51671
73833
64643
42665
93691
3515
85449
91619
54060
64031
41464
98763
71267
42590
95348
44778
87039
38953
90714
50631
19784
22479
96211
91950
13330
83211
74237
60557
88139
23489
70946
77362
19221
19086
7591
32959
67739
10056
55411
3075
41263
29062
14716
31256
35616
35416
89393
8533
4292
40310
73456
93086
68531
44556
61069
39053
17376
42389
23072
90524
16443
24171
83204
93926
57712
336
12268
92660
46506
18641
22600
82063
81833
77313
49942
12466
66569
4603
68642
99718
91415
22424
70166
64124
15194
18314
93949
80212
24941
37729
69160
26833
56355
73029
83610
13217
98532
56315
32684
33137
68583
52263
9416
47298
78095
50532
27087
64113
29696
35561
78288
85913
37514
55737
61223
52721
58810
23341
71738
41569
57599
55817
42482
22599
86374
68816
64988
67796
16999
53181
75833
12805
10796
71510
76707
83829
32697
89444
1531
27285
24689
75217
4297
12002
10553
72935
21098
78864
27664
3644
58954
59772
49820
7625
18401
48407
47540
96535
87667
30156
16022
18414
94496
99658
28394
37927
70133
32053
79442
83956
46907
68821
4073
79408
77016
55044
79907
158
67448
23113
67399
4162
86790
98579
14314
95842
61562
24818
55333
30916
68693
86791
84624
2809
38089
23500
41646
47370
72142
71711
97727
95910
79176
60368
96100
95976
24762
69004
70536
52876
9340
14925
66219
1151
43967
67714
45744
99690
98232
83259
96735
12955
91370
61532
25372
91595
19176
27639
95894
95707
90021
38710
89647
94287
11536
83657
49147
