500
28
50
7967
3
43409
75836
36377
79
63593
99884
78
99925
16207
17689
107
22653
11975
33044
83895
85899
50093
99949
99933
97162
54621
99895
99988
69
99982
99910
99878
34444
26859
124
11
66633
99986
99993
83
99996
99852
99928
132
99906
56182
49576
92
126
5
10223
99966
26487
30
9236
99956
37386
11434
8442
131
46429
43386
40515
99920
99959
47
68951
15523
63655
21038
41425
99897
99921
99972
18
99937
36019
99934
24
52371
99940
26007
99860
99914
99856
3460
99976
80
27965
52177
10033
54514
19
58
147
99975
16779
99888
15007
99908
99891
31
3268
91051
16
52
42
25
30847
29708
65239
64851
83396
111
99876
30662
35
99924
6
119
33135
99923
99936
36442
66822
26154
137
99983
41
6283
99947
86
33
116
74343
94504
109
4763
99999
80235
99899
99943
72
2804
44
99875
3
4361
53
3048
99872
8
30022
99855
129
53005
99890
99865
21
84
99881
128
81
2567
56558
30077
74113
21169
46
7
12044
99935
15290
99998
122
146
99946
70167
70
17
28200
63038
27
90
15
43905
20124
99874
135
99864
99889
99869
99877
99926
105
34587
99929
110
86696
99873
13179
37104
82
99963
99961
38835
99955
114
50559
65
99970
10
19323
78052
99989
37
99898
99857
77
106
50033
34492
89
66503
16
5350
99886
26425
28292
99
99945
95
150
55
27505
65064
99896
140
48960
99979
49216
143
25954
99960
85
90202
103
20
99965
99930
43481
99866
39
99902
138
48233
22
99912
47882
38
10733
99931
99918
49
99887
29
99964
87520
23
8344
12
100000
75
99916
43703
1
12117
92019
57441
9693
71183
31824
99911
68127
99994
99883
18061
87
48
74062
90284
11839
99859
35656
99997
113
99922
74142
54684
133
88
38357
99987
51
79615
95143
60207
53024
104
99990
66819
71036
99861
76225
64842
83630
60
10207
13738
99951
99909
93652
149
99854
99871
82375
93
3304
36461
99915
102
64705
99985
18344
139
99973
36584
73
66
86449
36374
99868
112
12944
142
127
32
98
7
79294
74736
68645
99858
99971
99950
16743
145
31905
99885
96
141
108
21215
57916
100
99932
99991
99953
97
86487
56
31982
99957
5940
4362
49871
64
118
99974
99900
99882
46448
99851
45
51140
99904
57
91
93999
99995
23118
99941
63
99927
73471
35034
95000
4
57358
59631
99969
23593
43
99917
75718
7383
99942
99913
62
99938
26
22342
72034
144
16921
136
99907
67
99905
74
99894
9
99977
99981
99944
91112
20832
11542
120
21552
45771
9384
125
134
48015
92629
54
94
13477
121
117
99948
99954
61
30684
98425
15515
14
13289
99967
99879
13
99952
74283
68
95136
99919
130
99958
40
71
34
26247
99880
36
101
99892
60805
76
99870
99862
12411
99978
99980
6
99992
59
99939
99863
88401
123
2
115
99962
99893
99901
41769
99968
148
1076
53821
9
89009
99853
77323
78958
99867
99903
42091
99984
30221
