100
19 904
3 356 353 662
4 870 135 245 470
5 428 408 530 290 448
5 678 729 253 742 152
3 263 255 237
2 329 876
5 533 831 728 753 354
1 550
4 327 671 731 125
2 439 723
5 357 278 161 548 342
5 332 315 787 548 276
3 693 252 356
3 64 36 34
4 104 868 160 22
2 151 504
3 476 690 258
5 722 493 653 896 904
5 760 602 156 276 252
69 907
5 103 87 350 572 196
1 187
4 623 92 233 323
5 880 578 250 217 414
1 551
4 438 159 443 103
1 120
5 223 563 552 345 434
5 864 678 108 87 503
5 123 773 356 717 312
4 480 760 129 25
4 776 22 125 20
4 196 540 804 357
5 633 163 831 598 744
4 243 55 603 701
4 430 1 595 592
4 465 572 779 604
1 768
2 880 525
3 501 736 764
5 365 818 234 696 180
3 437 310 756
1 190
1 70
1 712
4 894 765 600 710
3 549 897 651
5 417 776 594 677 260
5 185 342 540 388 142
1 368
2 600 221
3 588 896 327
4 494 470 288 262
3 440 398 276
5 241 149 603 71 2
4 567 34 766 425
5 205 175 406 166 72
3 785 493 199
4 327 120 482 215
4 272 258 89 561
1 110
3 95 86 100
2 833 651
2 856 522
4 896 248 80 116
3 795 185 780
1 763
3 355 682 659
1 156
1 697
4 347 515 762 604
2 13 414
2 793 96
3 897 793 840
4 103 773 173 800
3 261 736 857
1 551
2 794 599
2 1 432
4 665 834 279 887
1 119
4 212 806 148 622
3 373 383 100
1 51
3 297 69 150
3 611 868 537
1 493
4 888 449 531 604
3 100 271 312
3 736
1 644
1 331
5 159 333 302 483 400
95 830
1 75
3 692 617 652
5 365 79 1 390 603
3 162 235 139
1 134
1 654
1 321
5 432 330 699 730 190
3 721 810 648
2 182 285
5 582 549 478 325 452
1 697
2 787 581
4 170 289 811 720
2 723 803
2 455 172
3 594 64 683
1 303
3 821 190 618
4 168 338 117 188
1 727
3 302 442 692
3 303 583 379
5 158 69 586 481 650
1 309
5 231 494 16 545 486
2 490 739
5 340 364 582 202 65
5 149 586 446 415 238
5 657 791 684 706 191
3 466 97 69
1 233
4 126 158 620 335
2 310 433
1 510
3 285 217 531
5 104 781 112 803 641
2 602 408
4 530 420 412 227
1 774
5 420 86 413 149 821
3 288 145 475
5 289 267 550 722 474
3 382 641 606
2 749 67
4 393 401 397 365
4 444 653 494 228
5 427 436 368 824 376
5 710 357 191 812 113
2 101 379
2 820 225
1 443
2 827 67
2 528 666
2 785 670
5 237 617 183 120 762
2 191 244
1 195
3 41 599 45
3 770 149 732
4 698 459 36 540
5 32 558 321 376 302
1 497
4 429 473 411 532
3 384 602 548
5 265 335 658 414 350
1 459
4 822 215 515 3
1 407
3 290 308 6
1 297
4 740 608 345 107
5 614 572 333 665 537
2 280 204
3 610 767 723
4 297 315 545 277
2 357 326
5 281 811 654 389 544
5 377 690 492 66 159
2 369 679
3 587 378 122
1 192
5 603 57 106 821 750
2 683 711
2 9 643
2 688 366
1 227
2 71 254
3 126 498 363
4 685 259 616 412
3 632 382 117
5 557 241 432 356 799
1 315
4 123 784 372 92
5 514 659 595 266 610
90 439
1 365
5 391 422 73 18 5
3 375 404 390
3 3 279 63
4 70 433 54 174
2 315 269
3 319 58 105
5 194 227 196 255 148
1 129
5 368 111 187 329 265
3 400 242 98
5 432 73 336 112 346
1 428
4 339 234 85 121
1 259
5 139 253 283 309 205
3 242 31 267
4 295 67 437 139
3 258 176 31
3 230 50 63
3 338 215 2
4 34 306 136 223
2 51 105
2 24 350
2 206 409
5 430 45 362 308 228
3 329 395 86
1 293
2 295 397
2 112 216
4 29 435 413 343
3 400 431 191
2 107 82
2 216 420
4 269 83 15 96
2 104 362
1 323
4 166 83 329 421
1 242
3 121 101 321
5 90 84 407 29 87
2 129 254
4 320 179 223 176
4 217 174 390 196
4 317 334 386 144
1 136
3 424 282 410
1 340
1 68
1 319
4 335 164 141 237
3 200 144 227
5 200 64 62 3 1
4 101 386 97 83
1 36
3 244 183 189
5 74 237 346 195 414
3 328 364 229
3 362 278 261
3 117 222 282
4 290 349 17 169
4 87 109 84 388
1 217
1 397
2 37 106
4 212 168 245 159
1 334
4 310 173 224 153
3 293 230 222
5 309 183 95 415 195
1 94
2 168 84
2 257 268
4 396 31 37 385
4 117 136 168 239
1 114
2 141 218
1 67
2 172 73
1 82
4 319 12 81 52
5 59 19 356 346 105
3 97 52 409
5 376 221 158 417 29
1 88
1 387
2 191 216
5 194 2 335 258 126
1 359
1 294
66 660
5 204 310 553 336 409
5 272 286 317 386 563
2 81 491
1 238
4 440 193 19 584
1 274
4 583 228 97 549
1 557
3 60 409 286
3 32 443 588
3 312 132 240
1 113
3 608 505 98
5 567 544 225 346 218
5 425 127 476 213 163
1 344
1 367
1 260
5 56 600 355 239 97
5 491 47 616 299 594
4 230 322 376 119
3 118 104 161
5 649 188 322 598 317
3 147 49 69
4 406 44 387 638
1 270
5 61 11 515 303 309
4 471 236 44 593
5 488 148 192 361 56
2 152 659
5 329 222 388 503 580
1 221
2 279 213
2 645 526
5 247 294 169 337 496
3 464 283 595
2 657 23
1 433
5 14 645 509 620 454
1 608
3 554 546 59
4 228 337 576 270
3 447 140 14
4 602 348 537 76
5 607 313 417 584 282
2 589 156
4 375 190 414 262
1 564
4 252 660 51 303
5 270 86 29 513 510
3 40 138 405
2 637 109
2 235 358
2 178 341
5 447 531 508 509 352
3 249 79 102
4 117 180 307 46
5 17 399 393 462 151
1 447
5 330 531 429 521 128
3 300 433 624
2 561 139
1 127
4 21 273 582 16
5 317 127 474 181 383
3 550 298 146
34 229
4 166 4 66 6
1 119
1 83
3 107 20 195
1 123
5 44 169 148 126 38
3 106 5 4
1 207
3 225 72 99
5 156 42 45 99 81
5 174 36 37 139 23
4 162 92 112 35
2 139 214
2 27 54
4 131 195 82 181
4 115 31 55 221
3 128 8 205
4 182 134 5 84
5 199 38 213 140 158
5 120 88 31 195 76
2 167 114
5 60 145 151 72 79
4 196 221 72 4
5 47 62 118 143 198
2 168 47
5 178 213 121 82 97
4 181 59 189 101
1 200
5 66 191 138 154 140
5 204 67 40 133 145
3 111 63 43
3 216 142 31
4 90 6 132 163
3 207 9 169
19 257
1 173
5 90 45 70 198 175
4 182 100 183 171
4 102 92 60 166
5 124 129 60 183 151
5 163 170 3 85 116
2 72 229
4 168 118 19 239
2 245 83
4 174 30 31 96
1 3
4 64 104 206 132
3 41 23 113
4 56 71 55 236
2 77 68
3 165 238 148
5 57 6 156 140 47
5 45 220 134 120 5
3 92 173 182
42 301
2 31 96
4 220 13 263 26
1 97
1 26
3 59 188 207
3 160 244 278
2 159 56
3 300 121 267
3 259 285 72
4 123 194 276 1
1 203
1 2
4 277 67 116 157
4 19 76 75 203
1 124
4 228 22 46 123
4 41 241 126 5
4 19 254 290 22
3 106 13 79
2 125 264
1 194
1 180
4 296 298 70 120
2 120 166
3 84 44 281
4 38 264 236 153
2 271 55
3 199 251 14
2 12 290
1 115
4 166 247 176 220
1 271
5 287 167 36 5 202
4 164 141 64 30
1 7
3 66 194 62
3 40 204 240
1 72
5 173 291 46 280 165
2 90 177
2 275 213
4 147 270 178 272
18 817
1 84
3 582 272 324
5 296 601 783 638 570
3 215 717 546
5 790 710 372 1 329
2 472 409
1 84
2 606 406
4 325 532 21 674
5 371 436 138 142 152
2 135 430
3 462 77 222
5 213 423 221 198 640
3 274 817 760
5 178 341 580 612 800
4 192 209 94 252
2 699 260
5 22 28 544 49 520
16 607
2 6 375
3 245 358 81
4 283 187 385 540
5 424 398 83 192 338
2 14 41
5 577 589 226 265 134
3 596 475 566
1 279
2 490 150
5 217 82 477 399 416
5 443 432 502 447 316
1 555
5 189 114 16 438 369
1 471
4 215 595 262 54
2 603 564
53 583
4 415 265 291 74
5 292 114 428 360 452
2 470 569
2 356 308
3 71 481 489
1 104
2 242 63
4 453 98 92 573
5 578 17 160 43 272
2 190 313
2 137 484
3 523 375 395
5 360 540 376 52 401
1 303
3 239 136 192
2 521 423
5 311 387 438 221 192
4 76 78 454 146
1 324
3 483 403 307
2 13 105
5 555 232 55 548 122
1 507
5 357 355 579 10 108
3 19 365 531
1 530
3 141 435 530
4 306 16 114 261
2 8 21
5 369 554 403 268 40
4 342 559 192 89
1 440
4 90 466 410 500
4 568 111 558 157
2 524 274
3 65 117 311
3 407 531 506
5 528 389 544 527 213
2 224 348
3 329 553 227
5 107 260 372 326 110
3 142 332 96
3 248 461 424
4 99 545 262 539
5 477 279 292 320 464
5 71 402 462 434 118
1 436
2 66 44
4 20 433 58 218
3 400 158 353
5 518 354 60 408 69
1 392
1 213
72 902
1 59
5 440 292 737 885 80
2 319 749
2 722 63
2 569 704
4 438 286 279 700
4 292 643 575 422
4 509 352 398 462
5 325 266 381 537 75
4 291 641 680 89
1 376
4 89 714 395 260
2 517 207
3 260 403 332
5 864 455 458 138 39
4 268 701 858 296
2 578 890
2 10 419
4 367 505 206 358
2 449 866
5 852 170 402 363 740
3 883 255 558
3 239 848 660
5 243 509 766 409 432
5 665 848 161 472 468
3 347 738 26
1 558
1 10
5 520 762 226 231 143
5 502 721 14 652 79
2 364 87
4 604 447 776 878
2 889 83
3 401 9 425
1 796
4 521 863 543 353
2 331 727
5 407 27 226 511 58
1 652
3 79 493 398
5 330 644 216 154 214
4 456 547 829 433
4 817 321 140 667
1 454
3 122 763 12
3 670 241 597
5 211 131 148 838 230
3 811 161 60
1 541
3 465 76 719
3 219 794 687
4 745 221 19 267
5 475 96 577 765 385
3 293 418 87
3 553 554 579
3 43 366 149
4 445 675 107 862
1 498
4 863 227 66 457
4 516 638 568 487
5 415 875 505 707 282
1 389
1 561
4 209 354 822 349
4 303 505 805 366
3 378 348 432
4 343 71 274 419
1 767
4 169 757 460 824
3 50 237 197
3 89 9 75
4 166 678 881 147
60 956
3 386 945 764
4 773 654 777 671
3 476 559 275
1 840
1 364
5 415 948 418 667 689
3 829 477 202
3 320 886 854
3 742 264 422
3 332 223 295
3 402 319 795
1 494
1 531
2 289 387
5 671 334 684 348 42
3 710 786 8
3 294 121 815
4 829 879 681 393
3 380 39 683
5 784 148 639 89 809
5 483 644 827 230 293
3 47 9 792
5 856 277 888 841 408
4 308 823 29 525
4 189 840 618 403
4 344 932 51 425
1 720
3 135 124 350
2 736 494
1 432
4 319 282 815 858
1 436
3 242 78 91
1 297
3 633 611 217
1 465
4 364 538 342 748
3 492 151 193
2 408 317
1 548
3 942 309 568
3 888 373 822
2 427 211
4 714 138 867 660
3 139 576 278
1 678
4 443 880 911 424
3 183 71 634
3 357 309 294
2 841 574
5 618 508 707 613 382
2 121 203
3 544 861 338
4 935 90 116 760
5 297 319 306 671 620
3 955 873 168
5 488 397 478 956 267
1 474
4 3 453 902 314
2 782 634
86 268
2 141 16
2 99 21
4 103 62 49 34
1 141
5 210 150 215 173 152
5 259 94 264 158 48
1 112
2 156 175
2 41 196
5 88 151 205 260 138
4 169 10 54 167
3 240 48 237
4 214 179 37 252
3 57 168 29
2 174 130
5 218 95 202 212 257
4 68 101 256 147
1 250
1 257
1 150
3 157 29 169
4 30 200 124 212
4 23 32 237 50
1 240
5 47 183 85 254 136
4 129 217 209 51
4 155 228 260 126
5 21 82 134 251 52
4 164 23 125 267
4 238 213 113 253
2 263 239
5 46 57 53 56 32
5 17 183 38 27 22
5 176 183 34 146 130
2 107 188
5 36 256 94 145 211
5 7 222 1 196 49
1 71
5 105 117 223 101 30
1 169
4 10 138 175 143
4 57 247 44 113
2 37 109
4 136 157 68 86
3 218 86 55
3 32 31 2
5 268 76 120 147 210
4 22 151 23 154
1 91
1 26
2 180 228
1 136
2 29 6
5 85 101 81 126 119
1 221
3 108 52 75
2 189 33
3 43 92 120
1 137
1 124
5 156 100 135 268 126
5 107 30 204 109 267
2 149 152
4 171 242 232 219
3 52 61 79
4 212 26 123 194
5 127 70 85 88 236
1 102
3 129 268 53
3 138 213 25
4 263 211 58 64
3 10 160 219
3 59 1 46
3 147 180 268
1 82
2 121 248
4 133 176 184 18
2 237 120
3 179 234 180
4 137 49 208 56
4 11 185 65 237
3 205 89 67
4 32 243 229 193
5 170 65 73 93 195
3 115 66 70
2 239 179
43 840
1 548
3 254 335 681
2 489 818
4 127 697 136 416
4 582 818 267 539
3 495 2 470
1 514
1 457
3 489 659 497
4 152 805 342 508
3 391 37 387
2 144 806
1 518
4 617 361 414 722
3 588 660 41
3 119 735 627
3 685 64 118
4 359 608 620 781
3 140 47 787
3 194 631 365
1 573
4 810 719 52 357
2 501 160
3 133 306 173
2 760 571
2 99 838
2 623 370
2 816 739
5 510 688 141 29 423
1 830
4 579 650 767 72
3 252 662 434
1 744
2 807 208
4 687 305 435 292
4 127 299 123 422
4 787 710 339 226
3 285 90 240
4 519 233 188 628
1 188
2 181 348
5 829 637 295 206 83
2 197 216
53 782
2 435 96
2 535 495
4 292 521 488 684
5 24 445 761 518 302
1 671
4 42 619 292 520
5 776 193 324 222 500
1 122
5 198 241 536 502 535
4 619 164 374 414
4 249 88 372 631
5 531 666 780 199 231
1 186
5 568 561 88 733 327
5 406 774 504 479 378
5 682 617 95 534 782
1 556
3 703 765 466
3 621 645 529
4 366 432 465 79
4 584 674 303 223
4 732 563 581 156
4 203 54 653 204
5 234 206 350 105 63
5 234 410 584 253 31
1 644
1 3
1 8
2 459 198
4 687 388 772 591
2 258 400
3 287 461 762
4 145 586 264 286
1 749
4 353 77 425 414
1 138
2 191 305
2 692 266
2 557 579
1 366
3 95 285 244
4 638 318 199 227
4 218 184 556 665
2 234 22
1 698
2 254 370
5 430 559 529 373 313
5 597 569 638 96 465
3 528 508 464
4 366 360 497 750
4 751 232 234 160
3 45 336 488
5 1 139 630 246 289
7 774
2 316 25
1 35
4 298 517 644 584
4 282 158 134 646
4 507 744 729 238
3 701 485 708
1 17
99 615
5 329 184 595 167 335
4 249 325 255 589
2 568 318
1 280
5 85 488 263 34 313
3 297 447 80
3 603 262 244
4 11 378 486 485
5 76 233 164 475 581
2 529 549
1 287
5 601 583 534 109 85
4 582 243 608 19
3 44 291 449
2 296 375
2 339 9
5 191 297 230 349 221
5 131 532 335 415 294
5 304 312 545 389 493
2 478 11
3 304 123 289
4 9 565 305 368
4 241 255 595 281
2 74 96
2 589 225
3 359 139 317
5 549 590 8 336 565
3 567 40 208
2 65 156
5 449 486 329 369 126
5 334 186 504 88 110
3 490 454 228
3 541 252 174
2 468 536
4 140 432 212 489
4 83 328 94 508
1 573
4 91 205 104 516
4 88 299 546 187
3 426 342 173
2 109 351
1 86
1 348
3 130 436 575
3 609 41 282
3 81 221 305
4 47 505 615 472
5 27 547 409 480 16
4 378 338 395 409
5 210 420 110 399 525
2 463 149
3 577 218 228
2 289 329
4 273 167 375 284
4 370 170 611 90
4 315 469 80 459
3 457 361 204
4 22 343 133 268
4 405 10 200 180
1 388
2 512 136
1 168
2 31 351
4 2 397 549 90
1 195
4 422 447 318 382
2 312 407
2 483 570
4 62 334 144 507
1 568
2 491 251
4 189 250 276 197
1 60
4 603 335 514 458
4 332 602 51 181
4 325 232 600 599
5 588 536 201 585 530
5 251 115 175 403 5
2 546 571
4 615 276 38 606
5 303 408 490 558 97
1 443
3 417 195 169
4 506 6 358 73
4 97 569 213 98
4 60 33 282 245
4 568 58 511 269
2 178 585
5 258 357 336 94 293
5 476 340 473 119 272
3 102 529 467
5 570 601 384 428 159
5 431 250 321 68 534
2 198 304
1 561
4 351 198 608 136
2 441 548
3 69 265 514
2 502 554
15 934
5 931 626 673 445 277
1 544
2 916 441
3 147 901 191
4 394 701 166 286
2 524 110
3 873 924 383
2 326 286
3 89 112 840
3 833 806 225
5 511 754 91 734 60
2 858 332
3 880 568 659
3 554 269 327
2 539 272
10 18
4 7 1 8 16
1 6
3 12 3 5
4 15 5 1 10
5 6 11 1 12 7
3 12 1 16
5 5 12 1 7 14
5 13 7 5 2 17
5 11 10 7 1 15
3 10 8 6
28 923
1 837
2 440 18
2 818 796
2 79 610
1 700
3 514 30 32
4 143 553 490 50
4 510 653 588 210
1 497
2 771 36
4 24 558 120 220
5 754 446 157 204 764
1 244
5 60 600 15 889 414
2 693 246
1 120
3 618 291 396
2 877 185
1 195
3 922 539 595
1 232
1 215
2 853 737
1 846
5 843 272 129 915 355
2 127 507
3 146 532 76
1 763
96 817
2 121 688
4 321 689 41 680
2 425 623
4 610 720 10 394
2 337 191
3 296 243 559
4 152 457 244 57
1 271
1 564
2 628 425
4 602 811 146 634
3 207 764 540
3 415 581 242
5 241 534 625 645 194
1 487
1 43
3 511 491 426
1 709
5 481 393 613 340 736
1 664
3 230 695 479
3 169 68 658
4 284 45 8 275
3 64 230 611
5 740 817 243 773 195
5 464 505 499 541 694
3 642 367 708
5 84 288 749 454 268
3 133 162 599
4 286 330 142 626
1 310
4 323 753 551 116
5 275 432 76 219 270
5 381 392 202 652 497
1 354
2 493 550
4 83 402 768 577
3 773 125 55
2 298 789
2 323 127
1 223
1 377
2 582 397
3 811 726 79
5 421 517 635 445 53
5 68 195 355 627 647
1 619
3 270 43 231
2 749 798
1 316
1 540
1 328
3 233 689 286
1 208
3 559 658 1
5 580 273 415 492 720
2 127 2
2 325 486
2 167 217
4 255 15 587 611
5 730 297 186 488 342
2 70 251
3 38 785 208
3 748 223 86
3 226 370 126
1 613
3 547 280 295
5 493 757 86 31 482
2 659 810
3 38 351 178
1 617
3 334 516 780
5 528 79 708 555 608
5 633 59 333 341 772
3 338 129 790
2 121 269
2 86 96
3 294 335 568
2 270 545
5 515 432 253 505 439
3 603 115 335
4 751 221 451 505
4 99 607 509 729
2 749 253
2 649 208
1 342
3 193 106 589
2 223 541
5 91 806 340 771 573
3 716 790 315
3 517 512 305
5 228 680 524 504 403
3 339 750 106
4 353 178 413 737
4 6 174 392 67
5 272 477 596 711 226
55 823
2 405 132
3 784 505 86
2 38 82
3 194 802 568
3 116 130 579
3 325 165 308
2 248 465
3 54 201 599
1 66
3 238 603 468
5 669 619 70 513 274
5 797 677 578 51 387
1 582
3 2 796 718
2 801 359
3 113 676 92
3 320 457 151
2 210 204
5 648 572 352 81 750
5 677 566 175 568 63
3 806 582 45
2 724 239
4 725 189 152 301
5 758 62 403 473 329
4 397 698 489 805
1 271
4 21 547 330 580
5 585 274 315 86 156
1 700
3 459 428 3
5 469 278 377 430 464
5 193 342 225 16 566
2 795 35
5 765 357 462 40 737
5 37 259 710 10 60
1 311
1 768
2 678 717
2 752 507
4 269 814 330 144
4 333 84 636 641
5 324 435 13 3 283
3 444 196 744
1 333
5 275 788 344 127 664
5 821 207 759 492 353
5 371 582 281 571 44
3 601 48 731
4 535 157 381 114
5 506 753 625 783 549
2 582 572
2 86 157
1 717
3 744 438 810
1 533
20 299
3 264 93 110
2 31 207
3 71 251 263
5 6 242 77 295 138
5 188 259 268 278 6
3 83 236 132
5 145 74 138 43 139
4 272 21 127 66
2 133 7
3 88 195 4
5 258 82 296 105 158
5 104 9 81 64 23
4 58 220 205 267
3 98 67 145
4 230 45 165 293
5 268 243 78 248 21
4 144 161 172 123
3 239 56 246
3 263 123 131
1 124
24 13
1 8
1 12
2 13 5
3 13 1 10
4 4 7 8 11
2 6 13
5 8 13 11 2 4
2 13 5
1 2
2 7 3
3 1 12 11
4 3 9 7 11
2 4 11
2 11 7
3 3 8 6
3 9 4 8
4 7 8 12 6
1 10
3 11 12 10
1 4
1 9
1 7
3 5 10 3
3 3 5 4
71 365
4 347 10 316 279
1 197
1 365
5 322 226 88 354 176
5 286 255 56 350 200
3 306 301 341
1 113
4 333 309 48 253
2 154 361
3 328 14 61
4 131 225 200 102
2 85 283
5 126 3 335 270 291
4 34 204 103 271
1 173
2 115 365
2 17 269
5 304 111 204 56 207
5 319 24 247 92 249
4 58 298 51 106
5 171 189 263 346 50
1 291
5 2 135 139 29 340
4 200 282 279 160
2 318 316
3 175 356 27
3 23 222 144
4 10 77 182 341
1 107
3 363 328 269
3 51 10 188
1 148
1 79
2 180 127
2 272 66
5 215 69 32 133 65
4 78 135 205 57
2 317 146
5 330 157 348 180 209
1 86
1 230
5 355 92 269 313 163
1 280
5 263 218 290 153 236
1 323
1 60
5 171 290 41 15 347
2 296 43
3 86 291 100
2 84 193
4 81 132 321 147
1 63
2 82 41
1 362
3 77 277 40
3 357 208 242
1 144
2 163 243
2 93 303
1 106
1 214
5 270 143 191 245 199
1 212
3 326 211 208
5 324 292 167 239 268
2 46 290
4 128 360 239 260
2 363 68
3 253 9 60
2 26 185
5 231 357 6 99 194
22 315
1 14
3 296 156 164
5 242 141 9 229 218
4 191 10 60 175
4 227 95 303 243
3 9 135 44
5 66 276 3 266 299
4 156 258 97 80
5 265 314 166 98 25
1 126
4 189 152 195 124
4 13 215 22 192
2 18 56
1 7
4 149 171 214 116
5 139 114 81 248 83
2 7 255
3 290 154 30
3 241 264 86
3 73 133 8
4 25 115 245 155
5 178 241 150 271 171
78 311
5 311 219 229 132 30
2 157 145
5 50 207 123 166 170
1 92
4 309 188 294 76
4 105 8 177 169
5 214 238 287 190 41
2 277 213
1 68
4 54 167 163 253
3 203 116 8
1 300
3 257 188 92
4 37 306 89 219
1 191
5 68 268 289 309 222
3 221 1 122
1 200
2 292 163
4 276 242 136 203
2 117 124
4 24 33 110 308
5 151 19 309 282 153
4 66 229 262 226
5 165 209 264 176 179
1 27
1 302
5 270 156 124 246 307
3 194 71 119
4 9 52 70 148
5 214 183 302 30 105
1 240
1 83
5 116 247 32 138 21
3 145 79 177
5 245 213 290 291 227
4 145 287 141 234
1 94
3 71 102 45
1 260
3 4 291 132
5 214 115 3 136 95
4 281 202 248 155
3 13 66 271
1 183
2 237 82
2 50 112
4 85 213 186 284
4 9 157 149 305
2 254 201
5 255 309 98 40 130
1 100
1 285
4 304 224 199 307
1 120
1 213
3 75 30 233
5 236 208 92 225 67
3 204 282 122
2 260 208
1 260
2 128 163
5 74 188 90 182 254
2 208 16
1 82
3 224 241 182
5 208 38 156 146 93
4 274 133 257 123
3 127 275 1
3 129 240 68
4 308 187 96 73
2 101 206
2 149 168
2 279 27
4 174 33 70 82
2 204 145
2 147 39
2 101 220
37 61
2 27 7
4 49 8 53 32
5 22 52 27 35 56
3 21 10 6
5 52 16 39 38 37
1 10
4 42 46 37 18
1 59
2 8 6
3 17 37 51
5 49 57 60 45 34
2 26 18
4 8 52 56 36
3 23 46 57
5 25 34 11 33 3
1 17
3 5 21 28
4 15 38 17 18
3 1 15 20
1 28
3 3 14 26
4 58 10 8 35
2 40 44
3 17 46 30
4 35 1 14 59
5 53 5 51 50 39
2 1 33
3 50 7 61
5 14 48 9 8 47
4 47 21 56 45
3 42 49 32
3 58 33 25
1 43
3 10 35 13
4 53 35 52 50
2 53 61
1 45
95 371
5 137 7 337 37 38
4 326 154 59 243
2 229 18
2 162 237
3 364 346 6
5 291 112 180 13 261
1 218
3 150 332 117
5 48 224 298 231 333
2 369 133
2 250 22
3 177 351 230
4 59 364 90 274
1 188
2 119 172
3 55 66 19
2 249 71
2 86 187
3 293 170 362
5 259 7 29 249 93
5 268 82 131 241 342
5 52 68 330 190 155
4 341 307 2 50
2 54 304
2 314 206
1 311
2 284 134
2 303 246
2 223 248
3 97 264 74
4 93 287 99 272
5 20 306 272 26 115
4 289 58 35 261
5 271 89 17 196 358
1 259
5 344 13 137 355 303
2 85 129
4 117 315 125 89
3 153 74 63
2 41 279
1 257
1 195
1 222
3 148 262 71
5 217 259 7 291 93
4 172 235 365 45
4 82 275 188 283
1 147
2 188 282
5 215 36 241 37 152
3 344 24 111
5 176 126 76 45 119
1 9
4 62 189 70 166
3 335 191 308
2 141 278
5 233 19 140 360 183
5 88 171 342 256 130
2 208 52
2 333 330
5 39 345 10 288 370
2 156 151
2 340 310
5 100 183 186 163 56
2 150 156
5 272 270 169 91 289
1 184
2 177 149
4 78 330 196 214
3 231 51 80
1 292
3 231 272 303
3 312 248 278
2 266 254
3 40 350 293
5 307 365 5 56 217
5 278 270 263 302 38
1 365
5 104 37 231 45 54
2 23 205
4 84 334 281 134
2 74 205
3 171 287 16
4 345 97 119 185
4 330 18 117 157
1 361
2 354 82
5 331 275 97 239 252
4 269 205 331 89
5 302 342 214 264 13
2 164 233
2 323 43
1 26
4 344 71 175 191
4 152 334 256 91
11 909
3 75 251 669
3 358 817 771
2 699 498
2 659 262
2 116 683
1 408
5 109 595 729 543 22
3 694 719 51
4 770 96 423 400
5 841 722 368 828 767
4 511 199 457 117
71 701
1 286
2 420 267
1 216
4 211 589 191 474
4 403 114 255 183
4 125 389 392 112
3 398 386 43
2 570 396
4 371 413 657 356
5 257 160 120 241 101
1 100
5 138 242 694 162 683
1 356
4 568 277 546 303
3 686 428 398
2 534 555
1 163
3 23 660 637
3 65 253 53
5 479 27 77 311 165
5 559 631 548 658 663
5 97 310 339 480 656
3 531 266 544
2 375 56
4 409 164 315 580
5 193 546 192 449 611
4 399 109 461 210
4 237 517 253 7
3 552 77 94
4 402 239 14 37
5 701 294 145 523 212
3 163 258 247
5 601 66 563 399 349
2 220 192
1 84
5 195 240 30 491 158
4 118 356 185 332
4 165 197 615 440
2 666 414
5 469 327 76 225 494
1 648
3 60 693 358
3 82 137 569
1 270
1 407
1 207
1 401
3 256 352 240
4 135 272 388 674
1 668
3 592 481 393
3 423 220 284
5 494 133 467 72 378
1 450
5 409 666 604 625 403
2 383 629
5 149 697 327 486 6
1 204
1 252
5 180 72 110 160 362
4 253 128 185 229
5 640 222 597 168 351
1 410
3 352 395 279
3 317 658 174
5 454 464 310 307 603
4 41 20 567 539
1 600
2 336 49
4 12 393 578 318
4 134 88 676 130
39 745
4 742 637 248 134
1 253
3 332 567 106
1 236
2 742 407
3 477 396 225
1 251
1 497
5 156 555 74 716 534
3 359 454 159
2 342 677
5 608 31 260 90 499
3 566 689 329
1 55
1 446
5 536 409 462 217 483
4 707 246 124 33
2 335 107
5 420 589 438 404 272
1 281
5 302 426 425 493 197
1 285
3 96 276 641
5 497 733 187 236 704
1 333
5 588 254 176 197 51
4 377 343 266 349
3 102 558 65
3 730 706 188
4 123 11 61 699
2 297 549
3 303 471 447
5 356 289 711 459 568
3 288 520 250
1 424
1 675
2 318 467
1 186
4 637 581 599 60
99 713
5 115 189 68 216 41
4 326 659 324 295
5 711 220 56 601 154
1 309
2 571 533
5 394 279 312 508 102
3 409 660 652
5 532 545 312 205 328
4 190 191 70 181
3 561 260 72
1 212
3 131 395 488
1 657
4 106 86 501 598
4 526 126 456 585
3 426 636 555
4 238 565 137 173
1 601
2 98 582
4 151 416 272 204
4 170 432 382 638
1 85
2 199 425
5 112 173 167 123 202
4 688 289 276 658
5 13 106 100 291 284
2 167 280
4 531 14 317 488
4 47 484 316 220
2 499 173
5 174 192 582 365 510
3 250 640 409
3 606 418 595
3 136 630 403
1 463
2 701 185
1 387
2 428 236
2 495 159
1 168
4 637 531 41 222
5 654 498 663 277 638
3 652 587 123
4 40 409 185 126
3 211 289 572
4 360 193 469 529
1 151
2 381 653
1 555
3 439 295 177
5 251 518 193 654 598
4 386 305 99 107
3 342 33 659
4 178 651 664 119
5 118 11 18 656 386
2 155 416
1 498
2 516 149
2 713 210
2 115 443
5 28 510 264 643 336
4 486 314 239 335
3 267 636 380
1 5
2 582 345
1 425
5 15 398 506 489 12
3 185 668 24
2 404 150
2 122 437
1 236
1 340
3 346 397 264
2 122 575
1 123
4 123 484 706 615
3 188 272 12
2 449 664
3 508 323 253
2 530 489
1 310
1 519
5 114 121 605 222 359
4 211 152 57 304
4 226 518 506 371
5 40 508 617 426 387
3 704 16 360
2 674 559
1 645
4 533 401 286 657
2 42 106
3 587 170 46
3 478 263 412
3 337 484 710
1 192
2 511 276
2 468 147
4 563 293 478 204
5 114 172 454 500 31
63 897
3 407 451 502
1 628
3 557 32 140
1 137
2 457 831
5 728 690 624 658 24
2 323 231
5 394 275 882 289 525
4 13 578 624 218
1 715
3 442 212 74
1 52
3 624 771 786
4 765 863 345 186
2 844 799
1 657
5 665 880 756 54 103
3 549 54 90
4 280 460 555 698
1 471
3 356 671 513
3 136 75 865
2 750 713
3 668 194 265
3 136 199 672
3 700 499 684
4 615 223 253 375
4 316 49 129 752
4 216 377 412 227
2 110 351
3 611 691 472
1 846
3 37 443 402
2 581 56
3 764 462 280
1 850
3 18 161 469
5 287 121 97 886 196
1 642
4 195 895 35 144
1 719
5 592 535 172 608 83
3 155 309 712
2 398 575
4 65 632 52 644
4 117 494 393 886
3 393 723 771
1 470
3 363 326 679
3 778 870 34
4 36 14 737 131
4 767 103 292 159
5 238 309 353 691 877
2 869 174
5 357 794 178 523 233
1 166
2 132 764
1 529
3 418 91 479
4 46 435 131 646
2 858 800
2 438 178
2 782 842
32 276
1 84
1 72
3 249 63 212
1 203
2 70 230
5 62 214 249 98 245
1 38
1 249
1 164
5 276 126 54 188 61
1 186
4 202 115 191 152
1 203
1 135
4 153 143 186 47
5 133 269 220 200 9
5 65 171 128 82 184
2 19 43
1 198
3 8 229 6
5 30 170 29 258 194
3 41 191 240
2 163 188
2 207 131
1 223
4 237 95 107 49
4 171 59 54 25
2 214 74
2 56 208
4 268 157 9 31
3 13 256 136
2 59 39
25 735
3 335 403 52
2 597 731
1 426
2 522 242
1 431
3 304 399 462
4 271 504 407 429
4 451 410 363 151
4 262 395 161 389
1 527
3 355 13 579
1 237
4 704 273 285 181
4 420 135 563 194
3 648 562 584
4 202 43 215 114
1 567
3 209 729 81
1 670
1 482
1 62
2 632 388
5 308 517 534 565 164
3 135 618 28
1 175
5 520
4 298 74 458 17
4 447 349 122 464
5 213 517 218 395 287
5 101 460 236 189 243
4 452 211 306 96
82 117
4 95 53 85 115
2 115 2
4 57 76 1 88
3 79 17 2
3 24 52 69
5 113 64 76 74 8
3 34 106 65
5 69 90 12 48 93
3 19 100 30
2 90 106
2 66 68
2 101 47
5 8 75 25 104 53
2 70 52
1 89
2 22 92
1 69
2 116 50
4 35 75 33 66
2 49 107
1 113
5 98 99 70 47 75
2 95 22
3 50 67 78
5 101 13 39 92 59
4 88 63 32 4
4 59 46 103 64
2 50 8
5 101 15 114 11 102
1 36
2 91 20
1 62
3 85 18 59
4 2 94 58 50
1 25
3 29 10 109
4 116 108 58 93
4 18 16 75 84
4 7 101 56 66
4 13 21 12 110
3 81 77 34
5 13 5 67 113 81
5 9 32 44 51 25
1 25
5 44 84 69 45 92
3 19 42 25
2 79 95
4 69 67 38 5
1 103
1 5
5 37 74 18 9 22
4 87 83 13 22
1 53
4 95 38 54 66
2 71 23
4 43 109 32 65
3 29 76 12
5 62 71 50 32 27
2 21 10
5 15 20 68 23 60
2 68 32
3 105 45 43
5 115 106 55 31 108
1 71
2 79 43
3 110 34 102
5 75 92 105 49 14
4 52 35 105 43
5 94 92 24 117 51
4 105 57 107 22
5 94 35 31 82 39
2 43 30
1 30
3 14 73 72
4 23 30 3 58
2 54 115
5 51 58 108 66 25
3 67 54 32
3 67 65 72
2 41 34
3 78 36 93
4 93 89 75 31
88 295
2 19 49
5 187 34 234 97 71
3 264 226 96
1 54
3 4 294 248
1 207
3 57 61 41
2 62 13
3 96 161 242
2 33 75
4 19 245 116 174
3 211 162 138
2 272 285
4 165 19 257 96
3 209 158 2
2 87 116
2 292 3
4 237 173 45 36
2 84 11
1 274
3 257 137 49
4 131 157 175 56
1 190
4 175 2 214 269
3 248 37 195
4 124 201 237 54
3 69 62 223
5 285 82 17 58 15
3 70 221 150
2 7 107
4 264 229 205 12
3 145 55 207
1 8
3 224 147 170
5 221 98 241 150 157
3 37 100 88
3 77 36 140
3 124 276 254
2 258 149
4 11 152 141 112
2 207 34
5 153 252 38 143 182
2 220 264
1 252
1 158
1 30
3 182 222 146
5 240 56 140 113 122
2 127 66
2 69 274
4 154 9 149 265
3 56 27 295
3 225 45 59
5 105 86 280 160 73
3 176 173 43
4 243 33 255 40
1 134
2 234 36
1 195
3 246 90 233
2 49 106
2 148 105
1 176
1 264
1 104
4 259 134 3 53
3 229 89 112
3 237 280 202
4 64 51 65 291
3 32 236 118
5 196 8 90 251 173
5 172 204 60 238 130
5 6 220 171 150 75
2 197 51
1 201
1 118
1 208
4 280 64 238 17
4 42 76 74 244
2 86 168
3 178 121 186
4 192 193 215 175
2 133 108
1 44
1 12
2 80 220
2 167 291
3 212 75 22
11 516
5 266 486 405 115 57
1 276
5 39 351 512 34 124
1 146
2 470 10
1 297
4 363 172 107 406
4 140 97 151 465
3 172 152 322
5 33 162 186 483 415
2 455 67
86 777
3 529 170 223
1 522
1 65
1 495
5 645 188 210 243 136
1 441
4 189 463 403 476
1 451
3 594 433 641
2 410 176
1 388
1 601
3 275 262 72
5 71 699 236 572 280
1 463
4 512 606 105 11
2 597 593
5 561 461 233 527 582
3 600 126 148
1 283
3 698 75 36
2 513 516
2 593 236
5 138 164 596 379 492
5 359 29 624 13 28
1 91
4 611 697 573 644
5 483 192 207 667 141
3 54 1 271
1 499
2 32 63
4 445 58 337 733
3 7 756 315
4 677 521 494 228
2 161 282
3 104 615 618
4 24 728 21 115
5 639 257 546 141 185
4 197 205 389 667
3 289 586 395
3 219 501 354
3 296 422 86
5 159 477 295 408 699
3 147 305 612
4 88 307 444 365
2 99 393
1 736
5 187 540 460 113 150
2 731 239
4 682 702 181 73
2 310 540
5 756 405 92 97 703
5 378 426 543 167 427
3 459 19 547
3 320 679 35
4 543 101 235 375
1 222
3 531 334 514
2 76 591
4 714 695 474 569
2 278 34
4 179 222 617 589
4 132 321 197 635
1 497
2 335 370
5 773 668 308 14 44
4 750 622 656 206
1 433
3 737 194 62
1 500
4 277 222 179 738
4 635 281 334 716
3 326 523 752
3 157 720 1
2 481 641
4 28 319 747 563
2 654 54
3 378 352 89
4 543 595 92 576
5 291 576 456 754 206
1 530
3 431 259 310
1 46
3 168 518 515
1 558
4 445 348 523 544
42 427
2 206 95
5 280 320 134 50 262
4 95 97 221 253
4 342 81 258 176
3 107 332 356
1 388
3 356 348 151
2 224 322
1 364
5 270 83 334 184 159
2 266 127
3 169 412 142
1 132
1 122
1 31
1 154
5 426 408 237 301 173
4 206 83 128 353
4 114 316 333 233
3 94 233 179
2 115 19
1 424
2 34 403
1 252
3 229 257 424
5 299 248 181 333 67
5 389 185 338 58 287
2 130 65
4 326 377 115 353
5 223 20 160 106 189
5 364 331 347 58 49
4 90 222 219 93
5 328 249 222 288 48
3 54 322 404
4 77 189 328 92
5 49 126 285 373 103
2 273 106
3 149 357 395
2 275 97
5 419 174 100 209 42
4 131 277 85 209
5 69 13 376 284 182
34 545
1 181
4 173 150 226 155
2 309 193
5 133 380 132 377 464
4 173 23 466 472
1 170
3 489 511 41
4 272 85 279 390
1 428
4 281 418 411 275
3 116 131 499
2 503 147
4 184 213 263 78
3 84 308 151
5 148 492 467 43 475
5 226 158 185 190 301
3 400 49 175
3 438 383 421
2 436 417
5 321 115 488 292 307
3 532 105 319
3 453 331 215
1 145
5 288 363 287 268 351
3 127 454 167
4 288 83 219 236
2 411 63
5 526 453 469 144 533
2 76 12
1 542
2 85 82
4 534 3 117 479
5 404 522 333 254 429
3 40 323 90
37 472
3 220 472 337
2 398 73
2 379 293
4 350 259 105 257
5 442 63 324 301 33
5 320 457 88 9 202
4 17 276 184 262
5 107 230 111 207 457
4 391 209 400 74
1 378
5 388 96 394 313 409
1 327
3 18 23 262
4 342 155 93 167
3 87 304 146
5 317 220 395 97 171
1 167
1 321
5 115 93 282 96 268
4 341 127 264 216
1 198
1 319
3 173 32 89
3 198 429 410
3 419 393 425
1 314
2 455 264
1 343
5 345 180 203 257 383
3 289 88 342
4 350 248 444 211
1 340
2 185 124
3 194 392 281
3 183 127 19
5 415 436 311 399 95
2 95 465
20 767
3 683 673 700
2 129 361
4 178 26 404 438
1 298
3 21 550 330
1 748
4 697 357 510 281
5 697 657 573 66 291
3 54 401 498
2 92 358
2 170 718
4 232 762 101 242
2 278 752
1 459
5 396 191 291 341 217
5 340 117 181 232 305
2 321 22
4 577 288 246 445
3 463 600 518
4 338 404 510 322
85 477
1 291
2 184 396
5 89 366 117 202 23
1 419
5 76 124 254 157 322
2 203 392
1 456
4 426 311 397 387
4 264 132 337 204
5 345 132 269 231 125
2 90 379
2 6 76
1 83
1 82
4 471 206 454 91
5 151 294 426 257 313
1 60
3 162 364 51
2 427 335
1 377
5 316 242 9 255 258
1 396
5 247 248 198 26 382
2 51 21
3 201 15 267
3 455 366 259
1 293
3 346 158 272
2 227 31
4 329 22 244 351
5 244 57 468 248 93
2 214 268
5 22 43 224 174 46
5 453 185 164 88 474
4 105 170 346 319
4 469 19 194 86
2 454 156
5 404 459 219 4 148
4 308 228 19 416
3 164 79 452
2 141 129
4 106 373 10 257
5 304 259 193 285 210
1 110
4 351 395 427 357
3 129 165 371
4 367 376 71 302
4 24 26 38 98
2 276 254
2 204 425
5 467 58 132 77 192
2 110 305
1 256
1 168
4 261 107 349 197
5 24 163 10 353 277
1 455
2 112 438
5 2 151 473 267 333
2 172 280
1 45
2 333 4
4 310 338 58 55
5 174 251 138 275 274
2 442 392
2 296 45
4 222 474 28 292
1 327
5 167 264 384 265 281
3 136 85 379
2 35 81
1 171
4 253 221 121 188
4 142 468 441 121
3 347 221 410
3 331 460 245
5 391 354 154 240 296
4 298 280 369 429
4 322 442 307 465
5 289 463 5 84 263
3 30 104 129
3 296 358 344
2 131 455
5 282 252 173 268 234
3 463 431 8
96 557
3 290 556 282
5 370 453 371 537 541
3 36 274 108
3 368 533 153
2 33 140
2 144 296
3 329 374 148
1 360
2 439 202
4 489 320 328 29
2 331 488
4 78 390 135 192
4 463 148 63 157
5 547 319 298 154 112
2 25 324
5 377 113 97 439 92
2 467 521
4 186 285 106 211
4 94 311 536 401
3 115 146 543
2 304 38
3 556 218 436
5 202 187 299 64 68
5 189 3 111 53 216
3 544 537 262
4 425 70 326 106
3 244 465 360
5 68 84 147 143 409
4 218 71 496 555
2 474 438
2 173 448
4 124 326 198 466
1 10
1 482
4 77 332 56 517
5 306 544 196 336 303
4 511 172 469 23
1 457
2 131 166
2 161 392
4 259 522 161 433
5 176 272 531 508 353
1 494
3 442 200 485
3 169 142 377
3 219 449 545
2 43 188
4 534 219 78 415
2 91 82
3 158 93 465
4 517 412 433 65
1 484
3 536 212 477
2 361 369
3 142 280 109
3 241 527 78
1 141
4 488 409 305 277
4 229 235 471 95
5 168 138 356 349 225
3 319 190 133
2 99 126
5 240 541 266 297 118
2 126 34
2 265 106
1 203
1 84
3 261 333 422
4 86 310 356 32
3 359 377 165
2 259 103
2 343 194
2 238 245
3 544 39 160
1 117
1 426
2 292 444
5 423 51 461 505 95
1 4
2 321 484
4 45 475 160 337
2 230 11
2 508 151
1 339
3 455 112 11
5 493 103 149 519 530
1 169
5 542 424 2 188 521
2 457 248
1 125
3 72 388 27
4 265 332 152 500
4 49 268 444 402
2 408 364
1 431
1 214
3 381
1 91
3 286 250 303
5 365 358 205 183 202
64 838
2 796 291
2 314 573
3 165 471 4
1 241
2 192 114
3 438 589 578
4 528 382 199 607
5 379 583 91 507 68
2 292 592
5 298 684 169 768 421
5 478 354 446 72 141
2 362 125
5 152 332 260 25 136
2 398 501
1 156
5 266 785 29 304 79
2 151 608
3 330 579 584
5 355 588 417 802 263
5 455 44 220 791 651
1 17
2 104 424
2 469 231
1 290
1 750
5 424 237 294 485 73
4 674 570 356 419
1 693
5 270 332 214 529 396
5 408 339 350 274 169
2 384 95
3 286 317 349
2 366 722
2 166 599
3 717 407 178
5 472 194 645 525 672
4 63 353 28 333
5 310 697 95 19 653
3 341 134 732
2 552 594
3 565 582 375
2 477 778
4 273 668 210 78
5 133 150 681 162 775
1 467
4 224 717 638 739
4 208 802 699 100
1 673
2 191 225
3 325 223 284
3 444 520 169
5 837 460 333 636 716
4 487 515 733 315
5 756 274 806 240 397
4 722 543 682 179
1 734
5 41 19 162 755 477
2 310 37
5 493 296 709 602 471
5 200 213 831 157 540
1 745
3 562 621 449
3 640 88 405
4 260 672 448 811
88 464
1 145
2 366 396
4 157 414 13 397
2 121 221
3 104 57 278
5 38 146 143 103 394
1 152
4 394 262 416 257
5 267 393 428 441 191
5 60 115 13 285 370
4 162 342 293 431
3 239 367 141
1 169
4 272 410 398 422
4 332 39 435 335
5 320 5 347 64 114
2 341 317
1 269
2 151 406
5 370 62 377 395 180
5 172 125 262 14 62
4 109 189 395 367
1 334
3 29 399 266
1 144
1 296
5 57 97 40 307 5
1 159
5 14 215 38 395 459
2 263 33
3 181 453 128
4 43 170 6 304
2 110 380
3 157 357 418
5 277 264 317 119 460
4 378 189 179 380
5 237 98 96 247 14
5 16 39 250 5 62
5 135 203 345 12 379
2 438 265
1 456
3 166 146 297
3 307 176 283
3 212 237 226
4 438 37 152 301
4 227 202 322 37
3 427 113 368
3 104 136 326
1 323
5 252 36 57 305 139
4 14 176 204 19
3 127 114 78
2 372 255
2 27 368
3 375 145 344
1 365
5 72 121 445 84 320
4 387 400 188 342
5 303 164 158 64 98
1 366
5 222 358 251 437 195
3 97 423 269
3 202 19 24
2 281 174
3 427 161 362
3 57 20 426
3 58 458 205
1 403
5 231 265 72 109 377
5 103 371 286 95 140
2 210 435
4 240 87 58 371
3 380 147 461
3 209 186 323
5 175 249 179 313 53
3 425 293 176
4 389 443 415 316
1 25
4 161 302 375 3
5 177 281 405 171 283
4 365 401 343 252
5 439 117 204 221 135
3 459 393 213
2 35 112
3 234 119 333
2 61 156
3 157 275 311
4 235 298 46 333
71 563
5 420 105 128 42 178
5 54 293 147 331 284
2 528 78
5 264 115 57 213 469
2 336 221
5 301 430 209 69 408
1 404
3 495 63 251
4 476 395 35 55
2 535 356
1 489
3 91 269 31
1 275
2 425 15
2 73 373
3 309 170 176
4 470 179 168 537
1 232
1 440
5 466 152 102 120 396
3 136 546 447
4 145 228 427 492
2 269 22
5 326 392 356 96 381
2 56 476
5 159 73 278 41 418
2 499 326
1 10
4 438 176 413 334
2 439 295
4 62 445 229 349
5 64 343 435 439 392
5 478 414 356 187 167
4 97 47 392 386
5 64 494 433 174 521
1 348
5 109 346 481 322 249
1 409
3 8 514 478
4 243 191 295 51
5 489 65 163 68 156
1 32
4 66 437 158 464
5 361 497 423 130 209
3 397 371 23
2 25 548
3 342 368 359
5 89 382 82 301 362
1 114
5 114 146 504 48 436
2 273 101
1 141
1 477
3 141 428 137
4 560 456 287 171
1 378
2 532 315
2 120 540
3 530 60 268
5 98 246 311 1 218
1 423
1 548
4 384 406 22 442
5 430 242 62 70 41
4 523 460 354 108
2 94 312
1 20
4 389 220 541 336
4 441 21 140 434
2 555 541
1 37
22 20
4 9 20 7 17
3 2 5 6
2 8 14
5 4 18 12 5 2
3 12 14 1
1 2
3 5 12 16
1 12
1 12
1 1
3 2 7 11
5 9 20 3 12 1
5 3 15 13 10 5
4 2 1 4 19
4 1 7 13 17
3 19 13 16
2 4 14
1 10
5 6 3 12 17 11
3 5 1 11
1 10
1 17
2 364
5 359 320 317 144 216
1 312
4 42
4 21 29 25 12
2 28 42
2 20 19
3 9 19 29
50 371
4 191 12 275 157
2 344 156
3 67 148 186
1 265
5 30 334 299 349 255
5 131 241 350 145 110
2 270 356
3 147 138 34
1 335
4 83 57 322 51
3 152 297 361
2 291 45
4 165 43 228 342
3 61 294 71
5 67 269 9 47 332
3 133 368 156
1 4
3 32 59 346
5 18 299 358 223 263
4 310 245 98 342
1 9
2 5 131
5 182 106 346 317 70
5 199 54 321 181 189
1 239
3 175 39 239
4 310 145 46 348
4 206 351 358 275
4 342 166 17 222
3 50 255 212
5 176 111 17 294 192
1 184
5 96 310 241 240 300
3 124 179 190
5 45 121 68 145 165
2 349 333
3 148 56 83
5 174 107 191 180 29
1 40
5 25 265 166 325 147
1 136
3 46 45 291
3 48 210 300
1 215
5 13 173 189 246 355
5 266 185 164 50 138
3 114 61 215
5 253 15 46 14 346
3 314 60 309
4 291 171 223 76
76 314
5 283 143 301 15 125
4 199 85 223 192
3 83 195 51
4 76 79 199 201
3 314 125 35
3 190 72 251
5 300 17 123 81 33
5 4 144 140 120 7
3 265 278 299
3 12 206 242
2 170 302
1 160
3 313 297 144
5 161 151 284 98 123
5 140 284 67 289 123
3 296 283 286
1 105
2 106 297
3 99 180 136
5 149 217 97 186 289
5 284 300 212 125 102
3 167 171 187
4 187 292 194 261
4 263 167 185 6
5 234 196 139 297 202
4 261 122 236 159
1 114
5 35 271 174 66 286
3 269 201 174
4 159 1 292 241
2 200 228
3 132 80 294
4 120 105 94 194
1 9
5 14 54 117 55 113
1 90
3 18 165 155
1 265
4 115 288 179 177
2 166 1
1 233
3 128 118 294
4 5 29 192 217
3 280 140 56
3 303 59 227
1 89
2 167 84
4 144 273 165 44
1 27
3 153 2 301
4 213 293 295 16
1 47
2 122 161
3 267 73 238
2 174 170
5 77 281 102 239 145
5 218 148 22 44 32
1 292
3 59 169 266
3 293 165 277
5 266 214 52 108 36
4 287 70 91 208
4 90 158 252 273
4 18 292 73 77
4 180 62 126 32
1 253
3 151 281 102
5 183 273 13 309 166
2 309 206
2 58 249
2 33 265
3 83 239 238
1 28
4 77 275 165 161
2 27 111
1 136
82 106
3 80 4 26
1 38
5 90 30 8 77 87
1 80
4 105 6 8 19
1 56
1 31
5 46 37 71 88 8
2 20 5
5 35 29 83 20 27
2 14 34
2 3 72
5 83 33 31 84 66
3 51 61 68
3 95 9 37
3 13 60 24
4 6 3 30 75
3 22 17 20
3 77 52 74
3 106 95 102
5 23 84 62 16 58
3 101 21 26
4 96 35 2 13
4 14 22 63 102
5 35 15 54 75 58
2 63 82
3 79 100 30
1 56
1 18
2 30 17
1 104
3 103 70 52
2 57 41
5 64 8 18 62 4
3 44 91 83
2 78 77
3 26 47 43
4 79 92 65 82
5 19 25 8 23 76
1 37
3 81 54 37
4 22 27 49 86
1 33
2 103 105
4 101 50 76 26
5 90 43 30 41 1
4 13 4 81 9
5 21 28 45 75 56
3 86 18 23
4 44 100 87 4
1 39
2 8 59
1 43
3 26 30 64
3 93 63 47
5 19 56 26 79 102
5 37 72 43 73 51
4 59 82 38 5
4 48 42 56 73
5 6 69 24 99 66
5 65 33 50 90 7
5 72 26 40 6 41
5 80 19 69 41 27
3 13 106 45
2 39 88
3 100 55 62
2 36 57
1 27
1 79
2 99 63
2 7 38
4 71 97 73 66
5 76 49 42 53 1
3 99 72 58
5 99 74 42 20 82
5 96 44 63 14 57
3 89 101 15
4 30 87 26 105
3 36 40 3
5 25 67 54 45 20
3 18 3 56
3 61 93 59
38 63
4 25 54 51 43
4 7 22 51 27
4 42 63 51 62
4 25 14 63 1
3 36 43 52
5 35 56 5 17 58
2 52 2
4 30 34 49 35
4 12 5 46 11
4 42 21 1 46
3 43 25 37
5 35 43 61 20 47
2 51 23
5 58 54 35 15 14
3 5 15 13
4 45 48 34 53
4 44 33 55 9
1 10
5 9 13 1 41 38
3 49 21 25
5 28 9 32 2 36
3 24 21 37
4 9 33 34 24
5 58 34 7 8 17
1 61
4 59 33 54 16
3 43 16 47
4 45 18 43 46
1 30
5 30 58 16 3 7
4 54 48 50 32
5 15 49 62 52 57
2 50 52
3 18 44 51
5 50 12 38 37 41
4 27 20 13 62
1 38
5 25 37 39 45 43
48 404
2 308 193
1 36
5 85 105 180 116 167
3 172 237 285
5 217 199 41 373 191
2 291 90
4 134 58 5 193
4 278 315 324 295
3 170 288 31
4 42 79 141 172
3 230 177 105
1 402
5 108 252 97 304 5
2 215 268
3 59 226 331
1 34
4 7 160 393 292
1 199
1 120
4 179 116 301 74
2 119 9
2 194 173
3 126 22 168
3 181 157 320
2 132 240
4 270 309 304 382
5 228 287 191 241 107
4 193 290 226 286
3 291 212 273
5 136 292 257 360 54
4 299 8 219 243
5 89 286 67 128 291
2 44 37
3 116 326 175
5 371 341 181 362 196
5 250 303 26 361 404
2 190 222
2 11 349
2 259 105
4 230 81 118 211
5 213 120 90 20 223
4 45 362 356 47
5 292 98 59 62 392
2 146 133
3 16 177 322
3 59 183 67
4 245 193 241 135
4 65 363 349 251
51 422
1 145
4 227 124 126 224
2 54 43
2 298 329
5 276 347 415 42 296
1 63
2 168 67
5 208 313 238 260 38
1 312
5 180 366 323 181 178
1 270
4 377 134 409 422
3 134 212 350
5 210 221 327 288 220
5 375 280 309 244 58
4 360 340 251 414
5 401 235 35 387 103
3 217 145 180
1 38
4 56 29 226 71
2 411 17
3 389 37 89
1 290
2 167 112
5 214 28 110 310 6
1 408
3 13 191 381
2 189 394
1 261
3 361 118 245
5 280 111 93 141 97
1 271
5 228 163 2 267 115
4 232 208 42 407
1 53
1 220
3 220 29 292
2 98 233
4 128 152 181 112
2 394 292
3 177 154 269
2 151 148
1 88
3 213 231 51
1 30
2 262 220
5 376 129 225 414 136
3 242 281 18
2 193 413
5 103 343 122 233 87
1 304
26 591
1 395
3 553 493 559
5 352 122 540 306 134
3 528 576 501
5 569 324 52 115 547
2 297 155
4 281 511 444 116
2 589 368
3 469 79 271
4 20 337 87 147
2 82 573
3 108 399 119
5 113 467 356 447 16
5 464 113 505 50 291
4 64 13 313 521
5 154 340 22 208 509
5 6 566 371 481 31
4 374 241 432 120
5 395 373 181 171 135
5 431 542 310 498 163
4 266 87 219 130
2 211 60
2 370 20
3 188 590 221
5 455 388 393 506 133
4 259 157 575 105
32 882
4 397 827 528 587
1 529
4 260 321 2 415
1 864
3 590 427 807
5 113 794 349 206 505
3 496 592 848
5 708 567 364 518 153
2 271 423
3 160 870 407
4 750 562 281 597
1 189
1 51
5 463 384 401 88 132
4 564 358 539 605
4 215 434 522 268
2 682 26
5 240 457 851 617 811
2 325 419
1 24
3 804 742 261
4 129 99 1 226
3 880 32 157
4 688 818 842 64
3 413 711 36
1 296
1 857
5 757 171 127 512 623
2 104 790
3 843 378 571
4 649 654 147 420
1 534
79 602
2 501 190
3 124 361 464
2 478 7
1 241
4 529 92 354 12
3 116 397 328
2 478 388
3 40 199 69
2 171 505
3 337 308 25
1 315
2 243 364
5 429 397 53 444 138
2 321 452
3 37 199 321
5 573 317 296 155 459
1 203
3 479 547 62
3 495 47 304
2 459 163
2 212 271
1 535
1 98
4 114 149 526 568
2 115 241
3 284 203 277
3 553 94 172
3 545 552 399
2 148 211
1 473
4 410 521 219 591
4 516 224 328 48
4 105 574 244 139
1 543
5 426 573 154 584 129
3 57 142 140
3 63 211 549
5 26 222 549 313 275
2 569 253
3 104 14 180
2 285 24
3 173 533 506
5 413 310 305 297 166
2 176 226
1 466
4 4 132 108 424
4 1 114 220 236
3 134 119 368
4 527 375 493 158
3 196 293 21
1 116
2 419 526
5 159 44 378 257 156
2 484 452
4 73 475 389 211
5 493 277 223 343 326
4 294 421 560 504
4 460 495 35 249
5 392 160 161 318 94
5 570 177 410 237 598
2 490 387
3 402 98 138
5 170 176 178 239 31
5 104 500 121 379 126
2 528 460
3 536 255 354
5 176 344 466 386 400
2 206 156
2 274 132
1 179
5 311 145 425 384 56
2 400 57
3 158 113 164
2 423 407
2 143 213
1 3
4 7 386 545 456
3 187 349 531
1 161
21 370
5 347 173 343 56 276
1 28
2 130 238
4 105 262 185 328
2 209 340
2 213 363
4 340 260 117 135
3 80 312 267
4 339 301 360 69
2 54 294
2 42 220
5 192 9 257 61 26
2 144 119
5 294 59 61 202 41
4 301 71 134 329
4 330 10 41 87
3 360 166 190
2 185 231
4 348 61 164 249
2 25 344
5 215 344 329 231 262
31 574
4 566 362 446 463
5 510 83 1 452 130
3 404 205 489
1 56
1 51
3 15 423 20
4 131 491 108 3
4 343 52 71 171
1 241
2 568 28
1 51
3 252 521 67
2 110 535
4 18 486 209 453
4 213 338 349 61
1 550
5 278 297 550 102 396
5 116 530 291 295 385
5 142 178 285 547 491
1 452
3 330 328 295
3 449 542 103
1 228
5 407 498 370 146 57
1 327
3 241 1 14
5 368 350 438 511 41
1 22
3 539 341 52
2 336 126
5 206 312 439 489 427
40 548
3 161 81 336
5 521 498 60 494 62
3 415 17 399
4 373 108 343 36
4 402 327 404 334
1 257
3 444 151 112
3 296 463 15
2 363 534
4 376 545 294 96
3 466 15 499
3 493 24 29
1 405
1 384
2 436 428
3 9 511 450
4 521 544 179 394
2 490 386
4 498 489 403 354
1 515
4 34 46 339 104
3 334 544 114
4 340 108 412 163
5 155 23 137 444 86
3 360 344 519
4 231 230 385 391
3 545 144 252
2 351 93
5 540 107 329 417 90
3 504 127 275
2 258 14
4 232 158 383 361
2 240 269
5 157 305 387 439 547
2 115 94
3 223 376 514
5 117 419 352 442 147
1 11
2 231 255
2 543 391
13 662
5 407 213 320 57 584
1 216
5 418 74 383 235 131
5 425 51 164 572 430
1 337
5 200 148 150 84 279
5 274 426 12 364 514
1 366
4 408 30 121 421
1 641
1 168
5 656 332 659 36 297
5 661 80 512 651 26
61 397
3 376 31 259
2 393 163
1 80
1 102
4 166 96 393 201
1 157
5 355 119 396 375 29
2 115 194
2 185 212
1 7
1 137
4 321 115 225 313
1 191
2 54 26
3 90 376 80
5 209 295 306 352 201
1 226
3 168 380 135
2 305 360
1 84
2 231 393
1 184
4 372 296 30 93
5 367 48 211 164 250
3 376 235 297
5 116 189 297 361 29
3 180 229 255
4 259 62 76 393
4 167 184 232 12
2 239 70
2 201 31
1 389
2 145 41
4 93 25 274 316
4 320 2 252 91
3 110 306 194
3 111 240 318
3 330 350 178
1 61
3 364 86 365
4 323 238 162 220
4 125 274 156 363
1 206
1 150
1 355
1 38
1 335
5 327 95 90 292 139
4 150 130 350 395
2 389 233
5 15 209 65 111 247
2 103 334
4 110 372 93 383
1 321
2 116 195
5 308 234 19 311 272
1 74
4 396 30 174 182
1 231
5 312 362 200 61 344
2 205 362
48 209
2 179 55
4 130 194 49 52
4 140 146 198 104
2 192 151
3 1 140 159
5 33 141 49 17 71
3 90 205 96
3 204 140 9
5 188 45 201 141 66
5 53 138 54 194 93
1 178
5 91 164 145 182 68
5 59 190 159 124 108
2 153 157
2 130 59
1 129
4 41 4 81 93
5 155 133 37 144 95
1 72
5 61 47 97 130 84
2 18 48
5 72 200 173 11 60
4 168 24 174 70
2 9 108
1 205
1 77
4 12 124 29 16
5 88 164 162 136 84
2 95 25
3 9 194 168
5 32 98 208 23 86
2 159 45
4 133 98 181 180
3 91 148 209
3 136 5 95
4 171 79 191 82
2 102 128
5 148 150 127 99 110
3 79 191 139
2 2 136
1 120
4 31 41 34 69
3 63 92 145
3 8 125 42
4 148 205 137 196
1 54
5 182 10 69 89 128
1 165
67 614
2 102 541
4 570 578 191 464
3 260 270 608
4 360 335 505 443
4 499 611 580 342
2 147 252
2 290 167
4 519 606 199 482
2 423 203
3 321 122 335
3 220 552 614
1 18
4 450 13 430 40
1 508
1 15
3 424 465 445
4 190 54 121 47
4 293 118 390 427
5 81 26 311 287 454
5 393 390 131 497 397
2 263 372
1 559
5 369 503 613 138 346
5 40 527 260 192 47
3 577 556 565
1 273
3 174 74 507
5 126 34 596 241 210
1 570
1 451
3 281 230 459
4 406 99 224 42
1 317
3 24 460 577
1 89
2 223 310
2 531 298
3 482 81 238
1 220
5 453 342 315 185 560
1 80
4 70 265 267 40
4 217 276 101 607
5 196 475 428 557 219
3 613 163 137
2 560 166
4 119 36 112 125
4 435 258 570 457
4 372 515 416 83
1 332
3 95 100 283
5 339 118 254 608 604
4 527 504 235 103
5 152 410 123 147 418
4 10 56 80 145
3 393 185 407
1 217
5 170 184 393 138 321
5 119 445 49 497 64
4 540 203 382 325
1 233
5 477 445 416 493 26
4 397 154 63 179
4 473 555 537 306
1 107
3 199 440 514
3 341 398 393
5 640
5 450 511 19 203 264
5 370 606 631 191 629
5 195 194 101 503 587
2 269 633
5 540 129 70 281 570
70 33
1 8
4 5 6 29 12
2 20 3
4 28 25 7 30
3 25 18 19
4 17 13 15 33
4 26 17 29 12
5 10 4 14 26 33
1 22
4 16 22 15 19
4 29 3 4 27
1 22
5 27 30 10 33 16
2 22 25
3 15 9 33
4 23 25 16 21
3 15 17 12
2 30 6
2 21 24
1 3
5 32 6 7 17 31
5 15 16 9 17 29
1 12
3 4 17 16
4 7 18 4 20
2 15 28
2 31 24
2 10 28
5 25 3 20 11 14
1 13
3 24 31 30
5 13 11 28 8 21
2 5 20
2 3 24
3 21 30 32
3 23 33 3
4 31 9 32 7
5 20 22 10 13 16
3 8 31 3
4 3 12 10 7
5 8 10 28 30 27
4 12 24 21 20
5 7 24 31 14 33
1 30
4 20 18 8 22
4 32 3 22 28
5 20 10 12 32 16
3 9 25 10
1 2
3 22 7 2
1 26
5 17 9 25 28 5
4 14 7 13 17
3 5 9 17
3 18 31 12
3 14 22 24
1 24
2 24 25
4 12 20 1 32
3 12 11 30
2 3 31
2 30 3
3 27 28 18
2 6 25
2 32 33
4 26 10 9 3
2 16 32
1 1
2 31 16
5 23 10 33 1 25
20 571
4 470 10 181 433
5 290 476 433 102 278
2 64 200
4 219 171 448 188
4 480 429 39 320
1 356
5 487 425 445 294 375
5 104 27 519 63 19
5 307 504 446 170 432
4 163 285 126 282
1 95
5 170 408 342 219 384
3 336 211 18
5 548 207 500 310 398
3 304 52 279
3 399 111 511
1 121
3 107 253 98
2 460 213
4 283 123 374 569
55 975
4 193 356 168 911
1 703
4 869 519 49 838
5 854 813 166 956 414
2 322 390
4 553 304 547 946
5 801 232 627 13 551
2 41 261
3 675 305 20
2 181 208
3 568 836 614
2 554 339
3 336 124 110
2 754 679
4 650 321 914 969
5 199 619 761 6 296
5 853 729 809 360 393
4 211 883 755 238
4 296 135 318 345
5 25 620 131 159 801
4 34 122 610 302
1 755
4 725 675 945 573
5 739 287 713 727 173
4 873 748 248 290
1 745
5 556 785 399 776 411
1 444
4 429 813 761 834
5 801 504 162 720 642
5 320 163 809 631 302
2 758 144
4 671 653 711 510
4 87 693 869 880
3 450 282 26
4 880 105 392 6
5 379 777 723 845 520
3 205 493 617
1 756
2 432 932
1 130
2 264 782
2 704 68
1 763
4 64 469 958 453
4 22 544 45 387
1 537
2 124 471
5 826 776 254 31 715
2 14 735
5 505 284 319 626 356
1 756
5 577 69 356 729 819
1 439
1 490
28 874
4 390 553 452 450
5 593 274 523 537 789
2 763 802
1 283
1 36
1 321
5 344 568 54 98 497
2 94 678
3 612 743 706
1 466
1 696
1 577
3 529 473 336
1 319
5 706 679 714 277 846
5 277 386 422 413 244
4 345 34 683 185
5 250 814 532 347 479
1 626
5 11 56 229 192 492
3 208 717 438
1 4
3 4 520 36
1 752
4 490 118 100 19
1 414
5 648 362 52 356 579
5 570 612 810 412 350
24 715
2 479 5
5 345 415 39 228 503
2 466 650
3 31 261 664
2 206 159
3 541 105 482
3 5 448 242
1 463
5 9 283 637 110 219
5 516 3 701 303 145
5 598 537 637 567 359
4 666 21 326 297
4 576 100 398 247
4 292 200 561 710
3 419 461 358
1 276
4 527 42 49 663
2 106 252
2 393 329
2 257 334
5 142 417 10 653 360
5 116 509 257 543 456
5 200 206 143 567 147
4 534 326 661 575
69 107
5 98 91 14 26 99
4 81 42 43 87
1 102
2 73 104
1 53
3 72 35 63
5 73 101 79 77 7
2 44 63
2 20 32
1 41
3 4 49 57
4 26 31 13 67
1 83
4 47 37 79 80
4 71 62 24 25
3 104 92 98
2 12 48
5 87 93 8 41 38
5 44 40 70 83 95
4 99 28 94 27
3 40 7 17
5 43 76 86 26 47
1 93
5 63 89 61 37 2
3 58 71 33
2 42 83
4 17 101 1 103
1 6
2 47 73
3 37 3 53
3 9 54 7
2 76 65
5 88 100 99 21 20
1 37
5 14 18 88 91 52
5 24 52 48 57 11
2 51 75
3 103 40 16
4 45 95 43 9
4 5 16 95 71
3 95 41 2
4 33 6 54 98
4 71 67 78 44
3 7 73 85
5 90 1 36 22 99
3 40 27 83
3 40 77 105
3 70 16 27
1 5
2 35 56
4 103 64 44 28
2 1 72
4 8 97 10 70
2 55 35
2 65 75
2 76 7
3 48 85 37
4 49 107 34 39
5 85 88 83 12 74
2 51 41
2 92 66
5 40 34 105 22 29
5 6 82 103 63 12
4 7 85 70 20
4 82 97 94 98
2 46 42
3 69 99 95
5 59 17 107 24 83
2 107 102
71 202
5 133 12 24 194 91
3 131 47 51
2 190 113
5 130 72 16 61 67
4 29 159 156 125
4 86 18 199 179
1 100
5 20 26 64 1 33
1 74
1 42
3 129 102 190
1 74
5 56 46 69 40 196
4 46 182 102 200
2 65 66
3 182 10 12
5 101 102 41 165 138
4 84 105 1 30
4 69 133 193 161
3 1 202 175
1 66
1 131
3 202 2 40
5 154 130 158 135 67
1 46
2 107 188
2 180 76
4 44 49 89 85
3 167 183 86
4 110 9 52 69
4 24 71 180 133
5 66 52 196 141 134
3 177 154 80
2 156 71
5 94 75 158 86 4
2 198 66
5 66 72 87 156 99
2 184 121
1 16
2 184 104
3 119 109 197
2 200 67
1 197
2 89 124
4 72 150 135 171
1 56
1 184
5 143 182 111 83 58
5 9 147 193 54 40
5 63 97 91 78 121
2 181 186
3 119 122 163
2 36 102
1 37
1 20
5 157 117 4 165 141
4 161 18 160 147
5 72 118 24 16 153
1 190
4 46 40 22 123
3 177 69 156
1 45
4 161 92 175 54
1 195
5 84 61 3 56 79
2 76 153
4 160 82 183 73
3 64 7 91
3 119 25 7
3 64 150 58
3 37 173 83
73 518
5 237 141 280 384 37
1 231
5 516 157 474 515 414
2 274 443
2 211 87
3 78 189 64
5 255 147 40 309 273
2 387 87
3 24 212 219
4 18 16 465 51
4 119 304 480 116
2 28 132
3 426 168 354
1 451
5 214 330 355 371 85
3 47 338 352
1 382
2 47 101
2 462 144
3 312 219 514
2 175 80
5 469 231 130 298 334
1 64
3 237 383 418
1 48
1 514
3 101 132 194
1 382
3 24 42 270
5 487 244 128 377 252
2 119 113
3 191 138 416
3 76 455 379
1 193
5 503 86 82 337 57
1 244
3 364 380 303
4 173 505 298 251
1 204
4 516 233 304 333
3 381 142 162
3 153 339 276
3 194 253 479
3 244 263 393
4 447 269 47 293
5 163 57 307 196 420
5 156 277 252 192 191
5 299 396 43 38 252
1 36
1 237
4 325 31 62 3
4 87 318 409 203
3 353 405 426
5 17 365 485 500 420
1 299
2 250 514
2 470 376
5 262 366 418 88 402
1 333
4 198 341 242 7
1 463
3 50 230 24
5 136 118 223 110 86
3 420 156 57
1 230
3 120 30 75
3 458 363 177
3 119 271 39
3 239 337 15
3 17 14 78
2 123 115
4 38 508 358 37
3 357 325 57
91 409
1 381
4 52 390 197 9
1 343
4 80 254 100 367
5 117 235 239 108 136
3 39 24 37
2 282 230
4 174 358 10 284
1 348
4 56 305 141 275
3 118 384 2
3 123 127 392
3 253 150 340
5 207 37 135 257 201
2 330 181
2 110 211
1 102
5 141 110 301 376 13
4 213 94 38 40
3 245 353 13
3 393 342 94
3 37 28 377
5 72 336 129 389 183
3 162 277 215
1 331
4 310 322 160 114
3 247 224 362
3 155 68 192
4 375 68 251 34
4 256 272 112 57
5 196 107 368 172 230
5 392 315 338 247 223
4 78 218 8 173
1 384
3 209 207 222
5 188 149 318 240 289
4 336 152 198 3
1 380
3 125 341 291
2 349 298
2 3 192
2 216 34
3 308 237 129
5 403 195 321 37 274
5 169 188 141 269 118
1 17
4 36 149 106 131
2 108 217
1 60
1 245
2 176 284
2 249 251
4 248 165 304 9
2 384 13
3 59 100 295
3 349 117 209
5 172 104 246 345 78
4 239 247 63 320
1 262
4 261 132 47 387
3 43 396 344
1 402
1 407
2 325 12
3 257 310 227
1 96
1 143
4 114 297 175 141
5 259 56 219 144 322
2 39 243
1 268
4 380 307 13 25
3 238 295 389
5 76 113 284 123 215
2 330 128
2 141 383
1 122
3 234 273 397
3 78 267 158
4 403 240 94 255
1 140
5 267 344 380 399 194
4 21 350 381 123
3 53 146 353
1 182
3 177 20 17
2 407 146
1 343
4 162 124 49 46
4 119 363 393 228
5 251 127 103 341 205
67 970
1 878
4 31 101 640 821
1 382
2 34 288
1 817
2 32 568
4 215 147 961 426
3 296 617 200
5 881 489 823 328 444
1 795
2 183 46
3 922 827 27
5 905 694 956 408 467
5 364 878 196 611 328
4 665 831 905 750
1 45
1 194
5 857 372 924 112 665
5 855 496 869 551 272
3 80 568 652
5 843 515 8 366 226
1 914
5 418 698 95 661 455
4 589 99 435 552
3 247 286 487
2 650 295
3 312 442 953
4 61 784 36 603
5 587 452 466 532 233
3 324 486 307
4 257 820 12 62
2 569 582
5 236 407 522 402 883
5 185 11 526 883 6
5 272 664 82 749 411
4 873 146 265 233
2 23 49
5 932 302 54 453 584
4 648 77 482 869
4 198 134 747 264
1 149
5 907 600 118 237 166
4 714 956 810 695
1 635
2 838 477
4 890 884 501 645
4 688 489 674 332
3 873 108 736
2 156 877
5 150 858 791 754 392
4 304 37 126 163
4 862 908 321 262
1 733
5 428 516 371 731 79
5 632 952 314 235 176
5 847 334 866 857 266
2 924 71
3 823 762 444
3 961 100 369
1 913
1 209
2 578 721
1 648
1 550
3 68 146 955
5 902 650 251 154 628
5 472 172 533 289 703
28 149
1 126
3 110 143 69
2 61 29
2 99 109
5 71 95 16 93 47
1 41
1 83
5 20 7 148 56 116
1 90
1 88
5 140 136 3 47 25
2 129 1
4 9 57 41 109
5 142 1 24 68 131
1 17
5 96 107 146 137 93
5 125 134 48 124 88
2 122 23
1 83
4 54 100 86 23
5 141 136 22 100 71
4 35 19 131 122
4 90 133 70 40
5 63 9 27 72 109
3 143 148 66
1 11
3 56 112 77
1 56
69 880
3 719 610 530
3 296 579 218
1 643
3 697 830 294
5 213 641 162 872 498
2 599 428
4 875 813 262 354
4 192 608 110 195
2 471 189
5 576 800 719 328 294
5 570 43 618 710 721
1 533
4 423 452 360 101
4 419 202 114 83
2 337 707
1 542
1 736
1 762
1 239
4 131 777 875 759
5 120 869 406 94 228
3 416 20 382
2 50 625
1 327
2 181 347
4 781 23 625 795
5 878 164 824 834 318
4 40 147 532 290
2 212 720
3 212 565 618
4 674 456 752 501
2 871 751
3 310 768 447
5 733 533 461 198 193
3 283 98 574
3 471 393 132
2 140 851
1 129
2 412 717
5 785 70 195 567 431
5 290 539 809 761 96
5 482 519 441 418 783
2 335 401
5 284 474 46 570 596
2 189 394
2 312 45
2 459 601
3 865 702 700
5 20 200 228 740 619
1 296
1 615
5 4 274 229 151 721
4 518 227 555 856
4 373 136 538 379
4 478 502 732 201
2 3 219
3 460 468 803
3 3 621 488
5 795 568 113 137 168
2 56 601
4 688 174 656 460
2 663 313
4 600 176 571 159
5 517 615 150 168 301
2 69 288
2 830 703
3 292 388 395
4 85 598 383 768
2 267 345
46 555
4 95 486 143 235
3 250 426 300
5 85 45 238 371 342
4 94 459 320 512
5 357 130 107 266 517
3 282 396 187
4 347 359 265 302
4 390 272 408 200
4 350 423 306 163
5 554 81 347 302 422
1 45
1 310
2 9 40
2 291 298
2 132 451
3 200 393 493
2 256 247
3 365 404 422
5 82 338 7 210 104
4 246 293 25 486
4 215 182 241 136
5 97 107 36 536 145
2 486 272
3 349 88 138
2 183 338
3 327 514 153
2 407 269
4 166 555 406 223
2 59 383
5 161 98 277 360 471
3 527 375 180
2 170 52
1 204
3 337 446 205
5 111 307 48 528 501
5 148 500 413 467 273
1 23
3 468 73 78
3 38 190 28
2 530 489
1 323
1 100
3 351 313 298
4 440 106 546 115
3 53 73 286
5 124 555 113 8 115
3 577
4 320 492 137 136
5 64 111 479 286 204
5 221 160 1 101 535
61 788
5 451 48 613 351 164
5 193 591 674 649 174
2 273 302
4 166 734 494 151
1 452
4 618 728 356 716
2 461 118
3 398 752 59
3 585 251 313
3 576 224 426
3 571 125 404
2 258 485
5 215 438 410 395 321
3 460 504 297
1 434
5 626 371 193 229 575
2 569 40
2 749 676
5 229 357 481 418 774
1 390
5 788 779 515 46 218
5 34 237 119 157 364
2 337 554
2 640 641
2 52 33
5 584 335 288 774 423
2 150 223
1 784
4 403 640 349 228
3 513 454 788
5 627 68 424 302 603
5 327 439 494 146 500
5 763 250 166 488 599
4 570 650 638 593
4 341 108 162 562
3 759 350 379
4 182 262 411 367
3 477 240 253
4 741 190 624 250
4 620 462 393 309
3 620 200 616
4 398 127 198 191
4 411 682 389 98
5 11 640 193 269 355
3 718 503 281
1 519
5 447 716 662 282 287
1 353
5 307 29 778 82 265
2 255 636
4 224 235 282 107
2 172 201
4 666 150 725 747
4 307 530 582 518
3 306 358 39
4 420 495 758 581
1 34
2 766 294
1 704
3 381 326 234
5 750 71 61 125 80
45 738
3 267 585 265
3 612 7 28
5 243 476 669 239 214
3 168 34 58
5 687 9 341 631 222
3 201 648 324
5 398 190 427 195 650
3 501 199 442
1 510
1 652
2 44 39
5 694 408 506 330 45
1 606
3 429 626 573
5 415 215 685 734 213
5 342 607 619 210 147
1 357
5 436 247 117 146 526
1 538
1 194
4 65 90 73 535
3 234 174 199
3 308 592 226
5 386 283 12 640 375
4 166 200 65 281
2 97 629
3 364 466 96
1 461
1 146
3 699 575 425
2 696 702
2 57 659
4 433 21 417 681
2 345 82
5 462 725 468 366 231
1 610
2 106 665
5 225 44 484 188 384
1 157
5 724 40 508 222 478
5 719 560 492 141 282
2 620 430
3 498 709 94
2 611 448
1 402
81 509
1 64
5 287 348 61 73 65
4 483 85 238 16
3 105 167 61
1 40
4 165 304 411 10
4 55 245 86 362
5 278 30 285 502 474
5 425 372 187 483 295
5 187 80 110 15 145
2 262 52
1 275
3 346 77 116
1 246
5 322 29 198 348 466
2 155 38
4 143 430 336 289
1 263
2 86 82
5 505 403 461 409 391
5 218 410 77 170 89
1 336
4 351 147 330 303
2 157 352
1 364
5 194 279 166 10 325
4 62 140 204 465
4 481 335 109 144
1 46
5 31 96 259 110 114
3 468 346 73
5 462 465 110 119 227
1 295
4 134 467 439 334
5 376 134 151 382 190
3 38 48 290
3 268 144 370
3 189 261 11
1 234
1 20
4 321 171 242 295
4 159 412 42 355
4 370 52 84 361
3 496 470 425
3 141 282 110
5 150 231 274 117 253
1 464
5 24 113 308 353 439
2 60 433
5 491 436 11 130 77
4 404 406 500 389
5 14 427 113 297 320
5 200 224 274 313 102
5 12 348 309 493 244
5 83 272 12 261 396
2 13 297
2 425 315
3 106 505 129
1 30
2 410 130
1 21
4 217 127 410 47
3 440 323 298
4 440 155 103 35
3 103 368 12
4 365 110 482 496
1 293
4 353 328 320 419
5 497 173 120 400 140
2 485 3
5 360 375 350 310 87
4 136 137 223 363
4 132 100 241 74
5 87 194 172 375 305
4 61 271 114 483
4 210 86 328 98
3 185 236 361
5 345 22 414 376 12
3 94 502 303
2 197 481
3 467 321 246
61 5
4 2 4 5 1
2 3 4
4 4 3 1 5
3 1 2 5
3 5 2 1
3 3 5 1
3 4 3 2
2 1 4
4 5 3 1 2
1 5
4 2 5 4 3
3 5 2 1
5 2 1 5 4 3
1 4
4 4 2 1 3
4 5 2 3 1
5 1 3 4 2 5
5 5 1 2 3 4
5 5 1 2 3 4
3 4 1 3
3 5 3 4
1 5
2 5 2
1 2
3 1 5 3
3 4 2 5
2 2 5
2 4 2
1 5
3 2 3 4
4 4 2 5 1
2 4 3
2 1 2
3 2 3 5
2 2 3
2 5 1
5 3 1 4 2 5
2 3 5
1 4
3 3 2 4
5 1 5 2 3 4
2 5 2
1 5
5 4 1 3 5 2
5 4 5 2 3 1
2 1 2
5 4 2 3 5 1
2 2 4
3 2 3 4
2 2 5
4 4 3 5 2
1 1
1 2
3 1 5 4
2 4 5
4 3 5 4 1
2 3 5
1 3
4 1 2 5 4
1 2
2 2 4
42 135
3 39 70 51
4 113 46 44 110
2 131 130
3 113 18 43
5 17 110 92 118 134
3 28 21 106
5 115 109 90 88 11
1 112
1 39
3 124 104 69
4 13 132 23 77
2 38 68
3 51 97 112
5 7 79 27 87 25
4 73 113 48 55
3 5 132 125
3 56 62 116
3 111 91 31
3 65 118 116
2 104 22
4 109 115 72 98
5 102 37 21 111 33
4 111 15 101 95
5 38 77 43 17 104
2 14 54
4 40 30 4 99
4 91 130 73 41
1 11
1 104
5 130 88 45 135 72
3 134 63 123
3 24 39 9
4 69 10 93 121
3 35 66 91
5 64 3 69 5 49
5 77 100 58 90 126
3 48 113 82
5 122 97 62 12 8
3 18 4 129
5 42 96 40 11 70
2 69 117
5 135 130 29 87 71
6 190
4 1 161 45 87
2 52 38
5 161 49 179 56 151
4 168 69 55 164
5 155 127 76 25 46
3 26 9 136
94 992
2 902 642
2 660 455
2 697 603
2 544 826
5 592 690 838 966 404
5 907 311 801 5 112
5 833 46 436 906 118
2 391 835
5 286 335 966 261 311
2 34 234
5 259 507 804 354 811
5 193 732 205 166 588
5 668 180 655 766 239
4 557 401 394 476
1 603
2 799 806
5 139 457 818 760 159
3 155 262 403
2 397 188
5 784 587 990 541 302
4 205 132 715 983
4 792 399 80 906
4 489 418 379 428
4 989 474 421 238
5 564 887 555 709 97
5 506 364 708 360 702
3 587 962 113
2 919 828
2 628 34
3 141 957 958
2 32 748
4 411 805 369 734
5 393 170 743 453 394
2 714 555
2 393 52
3 941 559 164
5 89 219 589 333 64
5 915 104 276 36 578
4 341 745 194 563
3 668 266 749
2 229 750
5 819 301 724 731 388
3 851 770 374
2 860 808
3 652 161 655
5 732 87 115 4 275
3 247 227 99
4 848 237 356 319
2 646 206
1 594
5 820 205 609 503 348
3 117 448 549
5 294 154 284 160 614
5 101 236 605 713 55
4 445 883 351 620
3 617 719 103
5 459 602 845 551 527
1 864
3 881 183 624
5 333 633 984 436 302
2 618 832
1 853
1 453
5 441 444 603 830 57
2 895 893
4 355 79 141 622
4 294 351 279 263
5 609 588 922 790 980
1 702
3 384 852 801
2 347 361
2 778 556
3 43 178 890
4 773 354 546 616
5 887 470 840 191 551
1 70
2 503 784
4 773 609 692 172
3 272 254 603
3 870 946 141
3 91 681 352
2 772 286
1 807
2 333 246
2 139 209
4 917 510 796 346
1 820
4 534 891 701 777
3 985 316 851
5 499 344 348 509 984
4 292 453 94 169
3 813 37 144
5 314 457 446 579 773
1 196
90 947
5 291 184 204 883 134
4 22 274 533 450
4 722 300 903 437
3 380 542 781
3 404 25 913
4 283 756 755 245
1 764
1 847
3 340 592 611
4 475 794 782 688
1 341
2 2 392
5 875 718 33 754 558
1 797
4 778 683 565 174
3 514 936 639
1 786
3 414 835 662
5 463 582 942 305 267
4 796 706 553 287
4 600 70 223 360
2 585 2
1 569
4 802 203 727 365
1 810
1 496
4 447 443 386 852
5 584 322 873 889 388
3 151 537 167
4 332 613 141 947
5 95 355 752 532 408
4 609 745 734 252
5 528 472 21 270 582
4 508 310 507 489
1 738
5 400 526 638 350 262
1 852
4 183 474 725 604
2 513 339
3 78 142 295
5 488 396 28 296 327
1 106
1 282
4 419 476 731 368
1 424
5 449 170 14 222 438
1 585
1 869
4 276 265 945 237
5 811 706 371 361 66
2 894 138
1 99
4 589 415 466 694
4 830 174 725 298
2 408 741
2 478 875
1 655
5 255 236 596 217 427
1 885
3 582 28 892
5 378 844 604 2 315
5 350 634 886 475 341
1 558
2 597 214
3 627 874 742
5 253 257 221 5 581
1 672
2 259 333
5 508 163 417 365 687
5 213 726 532 436 905
4 891 306 57 423
2 846 843
4 942 288 98 201
4 551 353 882 423
5 184 357 308 253 907
2 212 518
3 138 172 887
4 755 664 9 893
3 542 183 244
5 635 650 627 491 208
3 612 434 728
3 879 819 930
3 35 584 202
3 672 671 2
5 813 681 504 857 205
2 449 301
3 169 733 777
3 737 478 346
1 83
4 643 209 277 844
98 129
1 92
3 80 57 16
3 58 96 40
1 73
3 105 11 73
3 5 73 117
2 71 55
3 58 2 95
3 8 113 72
1 6
1 14
3 11 8 6
1 37
3 84 56 11
5 10 96 81 127 55
1 56
1 15
5 60 45 28 128 42
2 2 105
3 103 79 78
2 34 27
3 39 38 1
5 5 107 80 97 31
2 96 73
5 113 36 46 122 93
5 42 25 52 127 53
2 72 109
5 60 104 91 81 70
5 116 77 126 30 2
2 64 16
5 75 31 108 87 98
3 28 74 120
5 118 125 56 51 115
4 119 19 76 84
5 100 80 15 75 96
1 8
2 63 116
2 92 112
5 48 128 60 35 2
1 52
1 31
4 103 32 128 95
3 66 70 126
4 108 40 82 6
3 48 77 75
2 78 18
1 46
5 43 59 78 54 93
3 53 101 115
5 57 7 105 89 119
2 122 98
5 63 44 60 73 123
4 62 16 61 113
3 19 62 103
3 9 65 104
4 39 8 98 101
3 47 120 64
3 125 51 22
1 99
5 44 84 62 12 57
4 79 58 123 34
3 9 55 98
2 36 9
3 38 25 129
1 31
3 47 54 1
1 112
5 74 6 70 34 15
2 35 72
1 88
3 96 72 81
1 113
4 51 24 4 21
3 100 52 43
1 51
1 19
2 91 7
3 94 82 46
2 85 8
4 113 22 91 128
2 44 74
4 77 73 104 30
5 72 112 110 78 96
5 66 10 31 52 59
1 88
3 47 112 70
1 88
4 121 45 77 3
2 110 12
2 46 69
3 76 105 55
2 52 118
1 61
5 50 17 12 125 70
5 121 31 84 102 127
4 110 4 97 105
3 36 45 91
2 67 100
84 446
3 233 80 425
5 282 401 60 32 84
2 196 30
5 376 26 16 57 278
2 340 62
1 265
5 233 224 209 86 68
4 333 75 194 347
2 399 67
1 194
2 195 222
3 169 100 115
5 393 160 423 53 411
2 175 260
1 81
3 287 130 26
2 189 30
5 220 418 103 419 370
2 229 46
2 33 332
4 173 369 185 357
2 336 128
2 30 390
5 37 358 332 233 340
1 334
4 298 207 291 442
2 56 373
3 58 361 176
4 108 9 323 407
5 207 284 25 129 4
2 190 9
3 23 107 45
3 48 273 153
4 421 280 163 330
2 136 137
5 293 340 435 19 67
3 58 154 142
3 422 89 85
1 305
1 345
5 82 267 297 379 44
5 41 240 392 268 159
1 250
2 432 378
4 304 39 96 425
3 266 75 425
4 309 47 235 12
2 136 24
2 285 86
5 36 82 150 316 101
5 122 216 291 233 80
1 35
3 211 240 180
1 358
4 62 280 294 379
2 2 266
1 359
3 311 40 446
3 427 172 392
5 151 250 73 298 423
1 131
3 340 80 303
2 403 112
5 200 2 83 368 403
1 99
2 384 245
1 191
1 363
5 349 97 275 11 242
4 70 294 4 48
2 137 372
5 404 146 119 239 154
5 340 61 260 422 345
2 84 409
5 167 121 38 98 39
1 181
2 79 275
2 124 197
3 225 235 68
3 96 83 286
2 119 392
4 264 129 43 103
3 414 76 97
4 396 79 101 43
90 903
3 743 510 726
5 890 619 698 799 191
3 234 340 538
1 363
4 806 769 690 899
4 403 632 238 275
5 447 61 54 496 438
5 89 197 902 449 195
2 470 548
5 340 693 195 678 881
3 876 333 497
4 561 556 529 569
1 18
2 790 598
5 374 430 231 93 74
4 110 640 507 282
5 861 717 305 762 889
4 56 869 140 241
2 398 80
4 288 535 280 497
1 752
2 478 901
4 413 152 812 256
2 401 529
1 120
3 358 171 265
2 141 872
1 835
2 814 793
1 658
4 849 455 693 890
4 346 801 816 288
2 633 565
3 635 889 652
5 461 696 558 726 626
3 254 754 709
1 15
1 255
3 363 261 118
3 261 744 25
4 496 580 150 351
5 890 759 28 837 108
1 782
5 655 829 831 819 366
3 600 95 179
5 786 136 381 175 771
5 161 441 487 136 863
5 9 394 659 96 586
3 243 398 755
3 872 830 351
4 330 297 724 296
4 187 497 801 229
4 757 610 74 644
3 198 683 337
2 341 606
4 558 423 585 461
2 295 186
2 489 195
3 781 412 88
5 366 91 20 882 538
3 766 721 805
3 440 815 748
4 204 902 201 885
1 581
3 725 748 788
2 610 571
2 149 794
4 803 370 450 419
4 242 750 635 680
4 824 882 831 378
1 590
2 59 402
3 3 97 227
1 820
2 780 39
3 156 688 78
1 571
2 399 765
5 729 380 476 623 735
2 246 234
4 696 551 448 12
1 280
3 863 250 497
4 734 844 504 297
3 587 415 382
2 420 629
2 755 303
5 4 686 674 902 379
1 551
5 560 388 794 610 786
67 108
4 32 17 14 9
4 107 81 46 99
5 36 2 29 102 90
5 33 75 90 39 103
1 84
1 84
2 8 54
3 89 77 38
2 5 91
1 60
4 94 102 16 3
1 34
2 24 85
4 45 108 7 54
5 107 57 7 52 4
2 59 63
2 32 96
4 73 105 94 49
2 7 32
3 44 103 43
4 30 79 47 28
4 93 82 70 53
1 73
2 64 76
5 99 49 6 23 24
1 2
1 33
2 51 41
1 66
2 73 13
4 91 81 73 25
3 79 52 92
3 54 47 26
1 34
1 27
2 29 90
3 52 29 86
2 46 41
2 82 98
3 76 9 6
5 70 79 13 74 59
2 78 5
2 60 35
2 96 86
3 88 84 104
4 87 97 79 101
1 63
4 22 96 56 71
1 101
2 61 35
1 100
4 59 34 75 86
5 107 3 49 51 5
2 95 103
4 13 51 86 3
3 76 24 80
2 56 89
5 77 97 76 100 70
5 34 6 99 29 55
3 65 28 27
2 21 78
5 96 80 28 91 71
5 26 93 79 72 47
4 94 35 10 60
3 79 80 18
1 63
3 106 23 50
63 64
4 32 47 53 17
4 9 57 12 32
4 32 13 49 64
2 34 52
1 58
3 15 11 26
5 29 51 13 63 50
2 35 16
2 54 44
5 19 28 27 18 43
3 26 14 46
3 43 59 53
5 60 9 63 48 30
1 63
4 17 16 48 34
1 64
5 38 21 59 27 55
4 33 47 40 38
5 63 47 51 59 61
2 50 9
1 35
4 36 31 4 52
4 36 28 1 15
5 21 4 31 27 16
4 32 16 61 50
2 34 32
4 7 6 19 3
5 36 14 2 52 59
1 43
3 31 15 41
2 57 47
2 5 11
4 55 42 28 27
2 17 14
1 63
2 14 29
3 49 9 50
1 58
4 38 45 3 58
4 2 55 10 42
1 33
3 34 16 40
3 21 35 19
1 59
4 57 8 40 32
2 37 47
4 14 42 60 6
1 11
5 32 23 53 43 37
2 8 13
4 12 35 19 54
3 20 47 14
3 38 26 55
5 10 63 52 1 53
3 55 42 7
3 42 19 50
5 19 38 12 16 53
3 63 57 27
2 64 56
1 43
5 56 9 55 11 6
1 51
3 50 27 30
