1001
-1 1
46 75
-89 91
8 45
15 40
75 -93
66 5
-94 -60
27 -20
-18 12
70 -94
-58 66
-11 28
-29 10
-59 -18
-86 39
-1 22
93 85
50 -57
-38 -40
-78 57
-45 58
-71 -35
-38 -40
-98 -40
-2 -6
32 39
-73 5
-36 36
54 -39
70 -11
-96 19
27 -20
62 -98
73 50
-13 48
-88 99
41 -94
51 -33
5 -84
-79 43
79 -67
-63 -54
76 -68
16 60
-69 -37
68 -77
11 81
-44 32
-100 -19
89 53
-86 67
-3 9
11 69
-6 13
38 -97
-75 69
-34 -18
77 77
-5 71
90 -50
-44 22
96 73
18 -19
-49 83
-44 54
91 -59
44 38
-75 43
29 50
41 10
85 97
1 91
-71 -55
99 85
-2 -30
-75 -17
19 56
-4 56
37 -58
-27 3
-23 -37
21 99
-40 87
-19 1
40 -71
16 -96
-42 11
-63 12
87 51
23 -22
-91 25
-48 -17
-19 -22
26 27
73 -46
-65 -70
24 9
-76 -7
69 86
-65 100
-10 12
42 67
-6 -11
73 -70
75 10
18 43
-42 -19
-28 -57
-11 -79
-1 65
84 81
-97 -81
-51 -92
-22 -99
-29 37
48 -86
-89 -75
-15 16
-55 -37
-67 -51
-61 -97
35 -99
-18 -6
-19 -11
83 -52
-93 63
29 52
58 78
100 -66
-42 6
23 65
44 99
-28 89
52 26
-9 64
-19 -22
-18 92
20 -39
-6 3
-37 -61
54 67
30 -28
10 24
74 37
64 -95
-58 -83
79 -34
100 64
-7 -81
-19 -5
93 -99
-90 -39
-83 -86
-26 -44
54 -2
86 31
-33 62
20 -5
52 92
18 70
-21 65
-43 74
66 94
74 18
81 98
-56 -85
35 76
95 61
86 98
-42 62
49 94
-9 13
99 67
76 37
53 -57
8 68
-51 12
-78 -64
48 -75
4 13
98 60
86 75
-5 -37
1 39
-11 -67
-75 66
-89 -79
19 21
-29 15
-64 -6
43 -9
-55 30
25 -71
48 -81
68 19
-67 -60
36 66
-84 1
-39 81
-100 79
-96 50
100 96
-44 -41
15 -10
-65 88
33 18
23 -39
60 -42
2 10
38 0
-82 82
-97 48
-4 96
-30 -32
1 55
21 -65
12 -25
-4 54
-76 -16
-89 -19
-6 73
-53 -28
3 66
-25 -39
-9 99
91 -90
69 -88
95 54
48 -3
42 -85
65 -11
-72 47
-97 -76
-62 66
43 60
-50 -93
87 -61
40 2
72 -61
-53 -52
19 68
-28 -7
-14 -81
-38 -72
-23 -17
-54 -70
-4 -10
89 -30
75 -64
91 -44
-76 56
-49 -46
-84 -48
-7 -50
68 10
-20 36
78 -47
94 92
-83 87
-42 -35
-21 25
-10 -58
31 -11
-61 -43
53 57
-16 -55
-8 54
-47 74
-57 45
-59 5
59 -24
96 -62
-68 19
-49 89
-11 -42
95 -38
-97 19
-9 -100
95 -43
78 56
-16 -40
23 100
-92 71
42 -43
-20 5
-12 34
-100 9
92 71
80 9
40 -76
75 -66
82 3
17 -94
66 30
-71 2
49 -87
-17 -54
47 -56
39 -24
-46 -17
-78 4
-59 -26
48 -82
-49 26
-41 -24
-34 -68
-97 85
-15 39
-77 52
-17 32
91 42
43 -17
31 -18
-29 -90
-13 -55
-100 95
63 9
-38 -62
20 75
-54 20
88 -81
-9 36
98 39
-13 -68
-55 60
-73 13
18 -35
86 77
-20 -37
-60 -87
1 51
-27 -67
69 39
-70 98
-99 -60
-36 -1
-26 18
-51 42
-23 91
-17 -83
34 -69
-56 -1
52 -69
-40 81
-58 -23
-13 30
44 25
60 63
6 88
-18 -53
-61 -39
-95 -40
-70 -8
-18 31
95 29
27 -62
38 0
52 52
-32 5
40 27
42 -28
56 87
92 -10
-5 61
-10 -21
-1 95
23 34
27 51
-47 -90
43 -31
-12 -99
-86 -8
-72 2
-89 2
-91 90
-72 -6
80 -40
-4 60
10 -59
-13 40
-29 -91
83 89
-75 -41
-66 -77
65 -58
61 -48
79 -61
-91 39
61 31
-6 -10
-56 -71
68 42
-70 -100
8 60
12 -71
20 -53
41 98
-3 -23
-36 -25
-25 -69
-92 31
11 62
-52 82
-24 -53
16 -23
12 91
-26 -47
63 51
97 -67
73 26
-52 -13
-60 25
-25 -79
-18 16
40 -33
18 -71
-60 83
-70 96
-4 -18
-30 -4
-76 63
94 16
-48 -71
12 -48
66 36
-50 56
20 58
-91 62
27 95
-1 -12
24 47
-78 21
98 35
-1 1
62 23
54 76
98 71
-72 -25
15 -19
-100 87
14 88
69 -37
-98 -99
21 83
-33 77
-5 16
67 43
-11 -15
-97 -78
3 39
-63 -95
89 20
30 65
1 -27
61 -3
59 71
15 -18
-45 2
-90 75
-74 -17
57 61
82 -33
60 -43
-79 -98
22 35
-33 34
-50 63
-23 4
-51 -49
79 14
2 -51
-77 -49
-42 -5
51 47
31 59
41 -15
63 -34
53 68
-85 -66
-34 -16
65 -1
91 -48
64 23
2 -56
-19 15
11 -16
-61 -48
-52 28
78 -61
-20 39
93 69
-1 -59
-86 89
-50 -60
-21 62
6 5
48 37
4 -50
3 -73
35 11
6 -69
-37 -12
3 47
-23 -3
56 77
-18 -79
-87 -69
86 57
78 42
-98 -85
-19 52
14 62
47 58
-81 -46
41 -58
-7 -38
19 7
8 -32
-23 56
95 -88
1 -22
74 4
31 78
-3 56
3 57
-16 -50
44 26
51 -52
-99 88
-11 -80
-25 -77
-15 33
-11 -71
-50 60
-3 40
-68 -12
56 77
-76 20
7 80
17 70
-43 -21
71 8
-47 -90
61 -74
31 -21
-82 49
-59 31
-25 76
71 -91
-30 -78
33 38
-10 55
-89 -2
-45 55
91 29
66 91
-91 83
-98 20
-83 26
35 49
84 78
73 -89
-75 83
-49 6
76 49
28 33
-98 53
34 -11
-24 -53
36 72
-89 -76
97 -99
-88 69
-94 68
78 40
-63 -87
-48 2
-66 7
-64 37
-29 -21
58 -48
-29 -86
-94 -60
32 22
-54 61
-47 11
-55 -53
76 -31
75 79
-28 3
-6 -81
69 -38
-63 25
-32 -51
20 10
-78 48
-34 27
21 -79
-64 -98
-36 -32
-58 18
-60 -29
-75 -77
3 -22
89 -62
45 53
31 -37
91 -84
-25 -47
13 -43
37 80
46 59
-15 97
80 -80
65 -1
-26 -99
10 -27
-11 -63
50 -50
6 -79
18 26
-5 -4
18 -35
72 -83
81 8
-16 -69
6 -79
4 -96
26 -90
-88 -5
-16 -40
-2 -22
-76 -53
-57 86
8 -14
-71 -88
-41 -78
87 62
-41 23
-75 -98
35 -49
53 48
-86 -77
-93 -75
-18 -67
51 -9
61 51
32 -23
-38 -96
63 -80
-76 86
45 -5
100 58
43 93
27 -82
33 85
9 80
99 38
-87 -48
86 69
65 -4
-11 42
10 79
99 -33
83 -72
33 98
-11 -55
-3 68
-26 -42
41 2
7 -14
38 77
-38 -81
35 -61
31 -39
-12 -65
-67 15
81 82
-73 7
55 -21
-25 3
39 59
-33 53
-62 -83
-59 -10
61 -24
-99 -49
74 -55
18 91
-83 -96
50 67
-21 -1
-45 86
-75 -91
7 10
-7 64
-56 -95
40 52
4 11
87 95
25 -69
-81 -70
62 -74
44 21
-23 -98
-69 -49
-79 15
-88 -95
-74 45
42 77
97 -38
79 31
-44 77
40 3
85 68
70 -57
-44 -40
-15 32
-82 19
-76 30
-50 58
-23 43
-4 92
-20 -82
3 -10
20 -9
-14 -8
99 -80
100 -23
9 4
-89 -69
-93 14
-67 96
-68 -95
93 21
-56 -48
-47 -16
74 12
22 -100
45 -57
87 -33
91 93
-75 -34
16 16
88 -36
-100 -26
-89 76
-61 2
-24 -92
-81 42
82 91
-33 -18
-20 -67
-51 96
71 33
-89 100
39 18
51 -23
-51 50
-12 -66
-17 39
63 -55
-21 26
-81 66
72 -36
-33 35
82 17
-72 26
38 31
88 78
-47 81
-18 43
-5 -63
-90 38
-33 -88
-85 -52
38 -23
-57 -46
-46 53
-76 48
-71 54
84 -27
37 -81
-42 -13
-12 14
96 -27
63 -11
-62 -69
17 -34
51 74
87 65
-35 -20
-24 94
8 -21
-91 84
82 43
-24 -7
62 61
-10 64
-69 61
18 -37
86 15
-57 85
-20 -10
-36 18
-65 -50
72 63
76 -80
85 -41
-52 -57
40 -36
75 -45
88 54
-100 19
-45 86
100 1
36 -80
48 -54
-51 14
-80 72
-97 26
-71 59
11 6
-99 -34
16 38
-95 -73
-72 -56
15 -13
-6 51
-58 -87
45 54
10 14
18 10
-61 31
-91 -49
-37 80
-51 -49
74 79
-19 -100
-70 -15
-50 -8
-71 98
62 -14
43 -59
-20 40
-99 69
-68 9
-15 81
9 -57
-94 53
-71 43
-21 17
60 -9
79 84
87 -38
31 31
78 4
83 -61
-99 -29
85 88
-100 -95
10 77
-25 26
-81 -11
-8 -90
96 -94
-3 -77
-71 59
84 84
-68 90
-90 11
7 -48
-90 77
8 -28
-94 -77
-83 51
-77 69
-57 -56
1 59
28 74
-14 -65
-98 -20
49 -85
-79 -24
-96 60
9 -56
61 -19
-96 -81
48 -87
84 24
-35 94
-3 -20
90 -56
-33 -97
-2 7
-29 14
8 -26
6 -97
-19 -43
96 56
29 63
-42 74
29 18
41 86
-59 30
-89 86
-55 -13
80 46
-52 -91
-74 -75
-19 15
62 -50
-82 75
26 99
-33 -86
-47 -62
30 31
-5 -23
42 -85
94 57
13 64
-38 -3
-33 -64
-9 -92
67 36
-18 -28
34 -63
81 9
83 55
86 -100
44 -63
-78 62
70 58
13 34
87 -79
-45 -56
74 46
-91 77
19 -64
67 34
74 14
78 -60
99 -55
-21 -93
-25 -62
-76 85
-24 0
77 -76
-79 -60
49 66
-89 80
-66 -100
73 -40
-74 98
3 -46
-81 67
-66 78
-50 70
-53 2
-80 -61
-22 -72
-25 95
-18 -18
1 -4
-19 91
-84 -9
3 81
-99 -42
4 -93
59 -35
13 93
33 64
61 19
64 38
-1 -97
-79 -97
-68 -50
16 29
88 78
-56 43
-91 44
53 60
-49 -91
2 -50
-30 -91
-63 -84
-13 -67
-45 24
71 75
-17 -28
-29 16
15 52
-20 -86
67 -15
-66 -19
-78 6
27 63
-90 -68
-59 54
15 85
